0.82668403 0.82471614 0.82052450 0.81659662 0.80351562 0.80762618 0.83034458 0.82493166 
0.83341908 0.82734871 0.83372025 0.83967337 0.81531527 0.80714976 0.81814551 0.81183756 
0.84095981 0.86159009 0.85781860 0.83202145 0.78476808 0.79785421 0.80834973 0.81587797 
0.85785216 0.87712362 0.86114592 0.80122195 0.76870123 0.80168617 0.82642099 0.83079115 
0.86109341 0.84374377 0.83956748 0.79672019 0.77719987 0.82467596 0.85137690 0.85028257 
0.84696436 0.83571693 0.82209462 0.79525289 0.80630717 0.86214837 0.84370240 0.77898311 
0.79811281 0.82343490 0.84110872 0.84223658 0.83066656 0.82599192 0.76999445 0.76494805 
0.82499438 0.82711598 0.84359294 0.84357125 0.77329711 0.77100171 0.77293996 0.79972135 

0.74948262 0.74562141 0.74059244 0.73595902 0.72028258 0.72714846 0.75699623 0.74894353 
0.75611086 0.74680603 0.75565790 0.76446053 0.73390805 0.72499239 0.73905036 0.72996050 
0.76441131 0.79143739 0.78613228 0.75208237 0.69251146 0.71099401 0.72427111 0.73359434 
0.78624396 0.81218661 0.78951056 0.70994011 0.67071947 0.71512017 0.74674709 0.75244836 
0.79036228 0.76561044 0.75912528 0.70343385 0.68125413 0.74497540 0.78005897 0.77931042 
0.77154245 0.75541106 0.73622078 0.70221737 0.71882257 0.79573568 0.77080061 0.68897470 
0.70894183 0.74100131 0.76353338 0.76552490 0.75207978 0.74880799 0.67860580 0.67438769 
0.74599162 0.74795480 0.76898136 0.76926127 0.68098724 0.68139594 0.68470636 0.71942479 

0.85378323 0.85248906 0.84863418 0.84495495 0.83308261 0.83625173 0.85610313 0.85168482 
0.86035455 0.85544282 0.86068668 0.86546054 0.84383507 0.83632552 0.84613374 0.84088833 
0.86737323 0.88524328 0.88186183 0.85933978 0.81767818 0.82885370 0.83822750 0.84484189 
0.88207899 0.89854791 0.88492238 0.83308150 0.80412946 0.83253011 0.85422075 0.85782987 
0.88484409 0.87010393 0.86669077 0.82947664 0.81174684 0.85250672 0.87558636 0.87426151 
0.87257656 0.86304610 0.85155116 0.82801437 0.83699701 0.88452901 0.86844339 0.81105590 
0.82969459 0.85190555 0.86740097 0.86820782 0.85757024 0.85262006 0.80283785 0.79786610 
0.85253839 0.85447392 0.86886472 0.86866541 0.80627631 0.80334696 0.80493020 0.82851815 

0.88071106 0.88002472 0.87666094 0.87337592 0.86292488 0.86513113 0.88186153 0.87844595 
0.88686616 0.88313485 0.88737997 0.89106313 0.87246228 0.86566339 0.87407507 0.86993239 
0.89318177 0.90822877 0.90542873 0.88649357 0.85096984 0.85996083 0.86800611 0.87369113 
0.90557991 0.91928617 0.90820132 0.86501433 0.83997564 0.86331621 0.88173085 0.88470090 
0.90789595 0.89601864 0.89341441 0.86220787 0.84648752 0.88011496 0.89947072 0.89809449 
0.89761996 0.89001039 0.88072317 0.86077576 0.86763413 0.90659595 0.89313316 0.84399187 
0.86125248 0.88017789 0.89333246 0.89387612 0.88441273 0.87945034 0.83669808 0.83183817 
0.87989379 0.88172666 0.89396059 0.89367413 0.84014564 0.83669671 0.83781685 0.85778839 

0.76517535 0.76176133 0.75700149 0.75257768 0.73727782 0.74343939 0.77188980 0.76441608 
0.77188656 0.76332194 0.77186543 0.78015346 0.75056781 0.74155165 0.75507481 0.74662627 
0.78007936 0.80606994 0.80121953 0.76867497 0.71107596 0.72839836 0.74131144 0.75045696 
0.80099264 0.82583516 0.80457697 0.72854525 0.69028475 0.73256108 0.76312270 0.76859861 
0.80493784 0.78175195 0.77580744 0.72237417 0.70052654 0.76127765 0.79486202 0.79394818 
0.78696623 0.77188651 0.75380494 0.72110212 0.73662340 0.80951159 0.78576238 0.70686100 
0.72675187 0.75775939 0.77950916 0.78135924 0.76812254 0.76448316 0.69668612 0.69223238 
0.76193954 0.76402434 0.78429330 0.78450736 0.69928499 0.69912379 0.70215306 0.73550627 

0.87869263 0.87797932 0.87457397 0.87127185 0.86065871 0.86287837 0.87987728 0.87642935 
0.88489587 0.88108153 0.88540167 0.88913456 0.87023527 0.86337249 0.87198871 0.86777218 
0.89125530 0.90651300 0.90366080 0.88439376 0.84833732 0.85752922 0.86578144 0.87153161 
0.90380305 0.91769856 0.90638998 0.86248705 0.83713962 0.86094985 0.87968817 0.88261808 
0.90612282 0.89397632 0.89129830 0.85960445 0.84375773 0.87801895 0.89762081 0.89613007 
0.89566950 0.88784823 0.87836247 0.85817289 0.86520637 0.90485491 0.89107844 0.84115536 
0.85874365 0.87787487 0.89121914 0.89178140 0.88217165 0.87721452 0.83378259 0.82894576 
0.87771450 0.87950956 0.89190747 0.89156351 0.83721434 0.83386868 0.83505063 0.85542819 

0.86744014 0.86649818 0.86293826 0.85945590 0.84821095 0.85083373 0.86914886 0.86526803 
0.87384156 0.86958580 0.87434978 0.87852170 0.85832288 0.85114197 0.86031242 0.85565988 
0.88052904 0.89702754 0.89393610 0.87315081 0.83447137 0.84458587 0.85337910 0.85955726 
0.89407527 0.90917139 0.89681550 0.84926689 0.82222630 0.84817679 0.86827380 0.87151123 
0.89659025 0.88330678 0.88031141 0.84609098 0.82935609 0.86658658 0.88775671 0.88633514 
0.88529908 0.87675405 0.86640518 0.84467097 0.85255031 0.89575844 0.88093147 0.82758463 
0.84565207 0.86626321 0.88061478 0.88125746 0.87114246 0.86616187 0.81981861 0.81490969 
0.86640168 0.86829498 0.88160780 0.88131782 0.82326309 0.82008639 0.82145189 0.84328123 

0.78507885 0.78204163 0.77733393 0.77303158 0.75850700 0.76415529 0.79084752 0.78394088 
0.79183870 0.78396224 0.79174941 0.79938430 0.77153260 0.76279646 0.77538958 0.76749382 
0.79991784 0.82422377 0.81966211 0.78928977 0.73488942 0.75087389 0.76280689 0.77141471 
0.81973255 0.84280311 0.82317057 0.75212688 0.71551485 0.75483969 0.78351462 0.78880001 
0.82355746 0.80211462 0.79671834 0.74649997 0.72517343 0.78178976 0.81338960 0.81261756 
0.80679731 0.79282985 0.77614846 0.74512802 0.75929235 0.82688698 0.80497139 0.73041200 
0.74999905 0.77925497 0.79981370 0.80151298 0.78885259 0.78473594 0.72054339 0.71578941 
0.78264482 0.78473536 0.80392104 0.80420268 0.72348630 0.72241838 0.72508420 0.75628110 

0.76691242 0.76351803 0.75863561 0.75412195 0.73894927 0.74517617 0.77350784 0.76605347 
0.77365928 0.76506143 0.77337425 0.78159671 0.75228620 0.74339947 0.75682756 0.74837322 
0.78182916 0.80754593 0.80257983 0.77026793 0.71312325 0.73042551 0.74315168 0.75212832 
0.80260560 0.82717352 0.80598096 0.73051033 0.69254825 0.73450300 0.76473189 0.77014342 
0.80651897 0.78337026 0.77749894 0.72448028 0.70265557 0.76290750 0.79627608 0.79541086 
0.78866236 0.77362695 0.75567952 0.72311135 0.73845791 0.81084794 0.78727269 0.70879554 
0.72877001 0.75954723 0.78114909 0.78298803 0.76979400 0.76608149 0.69867638 0.69427644 
0.76372421 0.76569839 0.78583601 0.78610346 0.70128321 0.70107738 0.70414783 0.73727994 

0.79371011 0.79094133 0.78631407 0.78203589 0.76773821 0.77305538 0.79897263 0.79240526 
0.80052336 0.79302217 0.80047403 0.80770853 0.78051035 0.77189750 0.78424072 0.77669618 
0.80849272 0.83203378 0.82756661 0.79804247 0.74504546 0.76052928 0.77225538 0.78062702 
0.82765082 0.84990523 0.83097754 0.76212771 0.72640850 0.76451170 0.79239715 0.79738128 
0.83128344 0.81060770 0.80549104 0.75678919 0.73587615 0.79061160 0.82114656 0.82018431 
0.81501072 0.80157009 0.78551492 0.75536620 0.76889233 0.83404557 0.81270542 0.73994406 
0.75971748 0.78820281 0.80819364 0.80977125 0.79723881 0.79292395 0.73025363 0.72553748 
0.79123822 0.79327417 0.81186610 0.81205498 0.73326446 0.73200554 0.73463274 0.76508633 

0.88486247 0.88427750 0.88097744 0.87772517 0.86747489 0.86955306 0.88583270 0.88256893 
0.89097553 0.88744224 0.89146624 0.89490646 0.87675862 0.87014450 0.87840699 0.87442594 
0.89721021 0.91177646 0.90897228 0.89051933 0.85596962 0.86474622 0.87266799 0.87817374 
0.90925617 0.92244401 0.91163697 0.86973856 0.84541019 0.86813961 0.88605573 0.88884361 
0.91148855 0.89993966 0.89735556 0.86710035 0.85184669 0.88446398 0.90315724 0.90169336 
0.90152464 0.89409134 0.88510331 0.86576417 0.87236330 0.90999980 0.89686373 0.84897889 
0.86625195 0.88453969 0.89728682 0.89775273 0.88848206 0.88353326 0.84183273 0.83702326 
0.88422084 0.88597472 0.89780518 0.89741386 0.84527951 0.84178879 0.84285210 0.86231291 

0.87555958 0.87477748 0.87122770 0.86776784 0.85695215 0.85938727 0.87685195 0.87325642 
0.88186888 0.87787291 0.88216451 0.88594262 0.86669750 0.85988625 0.86873132 0.86434206 
0.88833996 0.90383378 0.90076035 0.88100766 0.84428140 0.85391229 0.86232542 0.86809588 
0.90114803 0.91524887 0.90353737 0.85857426 0.83285376 0.85739170 0.87643383 0.87934662 
0.90349807 0.89090417 0.88808110 0.85566902 0.83962300 0.87475475 0.89471757 0.89320848 
0.89281261 0.88469848 0.87491458 0.85422265 0.86149197 0.90218597 0.88805611 0.83712803 
0.85513460 0.87459549 0.88815098 0.88865769 0.87888423 0.87394381 0.82965899 0.82486181 
0.87457146 0.87630403 0.88888328 0.88849787 0.83306066 0.82983864 0.83111038 0.85193385 


0.81934872 0.82823799 0.81239159 0.79473204 0.78044031 0.79120515 0.82609740 0.82468691 
0.81374719 0.82123562 0.81861911 0.80817288 0.79761167 0.78935248 0.80853400 0.81652578 
0.81342115 0.82402582 0.82587014 0.83396279 0.81873050 0.78590820 0.81255006 0.80642588 
0.82053735 0.82381477 0.80719112 0.85403165 0.82184842 0.80515386 0.80275393 0.81772537 
0.84510372 0.84275807 0.78583099 0.79720855 0.81595395 0.80479218 0.83481376 0.81048491 
0.83811939 0.79970409 0.79543067 0.80829602 0.81595282 0.78687106 0.82197584 0.82743478 
0.80887726 0.81639508 0.78356260 0.78690335 0.83347998 0.81708787 0.80530712 0.81849434 
0.80004661 0.80323171 0.79128562 0.82702452 0.80414016 0.80700299 0.81985415 0.78377193 

0.74289529 0.75409724 0.73390320 0.71175997 0.69436459 0.70802756 0.75227688 0.75019065 
0.73435534 0.74322728 0.74058828 0.72769940 0.71529914 0.70512185 0.72943431 0.73887996 
0.73304093 0.74530386 0.74837626 0.76020224 0.74134061 0.69950866 0.73384152 0.72530104 
0.74135246 0.74399473 0.72312124 0.78612276 0.74422908 0.72235899 0.71950937 0.73817145 
0.77378392 0.76886907 0.69565787 0.71145081 0.73579815 0.72103507 0.76075528 0.72874973 
0.76522892 0.71398539 0.70915215 0.72676256 0.73651604 0.69858917 0.74433419 0.75157966 
0.72853155 0.73742213 0.69584834 0.70095315 0.75977688 0.73757125 0.72290437 0.74061829 
0.71830583 0.72227463 0.70741204 0.75308906 0.72273792 0.72590321 0.74231041 0.69712945 

0.84637617 0.85428222 0.84027512 0.82455759 0.81168115 0.82118335 0.85208181 0.85093651 
0.84190601 0.84872445 0.84617466 0.83678810 0.82712417 0.81974799 0.83672512 0.84401876 
0.84190651 0.85161131 0.85296877 0.85964131 0.84602733 0.81712961 0.84051855 0.83532000 
0.84836001 0.85163905 0.83679487 0.87719480 0.84906982 0.83463631 0.83251283 0.84574567 
0.86961646 0.86802380 0.81794467 0.82757758 0.84408644 0.83454105 0.86065476 0.83935822 
0.86323679 0.82995779 0.82602379 0.83706082 0.84387719 0.81856322 0.84924460 0.85386901 
0.83720849 0.84406684 0.81509157 0.81782450 0.85904839 0.84494122 0.83444832 0.84575398 
0.82915275 0.83202714 0.82143805 0.85296520 0.83303450 0.83567502 0.84696785 0.81485703 

0.87355673 0.88037882 0.86841100 0.85487256 0.84362447 0.85171365 0.87819236 0.87732286 
0.87017132 0.87620667 0.87383455 0.86566597 0.85706836 0.85066954 0.86519108 0.87167486 
0.87042760 0.87905835 0.88003711 0.88529615 0.87347760 0.84884247 0.86864619 0.86445213 
0.87612725 0.87931593 0.86659509 0.90017907 0.87638295 0.86426679 0.86242178 0.87380449 
0.89392744 0.89302709 0.85057091 0.85837310 0.87235794 0.86439514 0.88628539 0.86835460 
0.88832658 0.86054634 0.85703069 0.86609049 0.87196694 0.85065562 0.87651953 0.88036202 
0.86591657 0.87196808 0.84719014 0.84929512 0.88463920 0.87292910 0.86390055 0.87327227 
0.85875708 0.86124507 0.85210799 0.87902056 0.86229714 0.86467903 0.87429717 0.84666357 

0.75838146 0.76920162 0.74982552 0.72847614 0.71158917 0.72468803 0.76723514 0.76532372 
0.75041840 0.75911932 0.75654091 0.74409322 0.73193556 0.72201368 0.74531030 0.75461109 
0.74931370 0.76139612 0.76432063 0.77539072 0.75710990 0.71687415 0.74969360 0.74166392 
0.75742836 0.76029588 0.74023737 0.80015877 0.76004419 0.73911417 0.73626447 0.75434419 
0.78841201 0.78404314 0.71373480 0.72864742 0.75205332 0.73794134 0.77590397 0.74532306 
0.78013643 0.73118919 0.72640106 0.74314569 0.75259845 0.71621999 0.76011571 0.76704474 
0.74474301 0.75334701 0.71325734 0.71807306 0.77476716 0.75361210 0.73945951 0.75637741 
0.73471469 0.73850913 0.72414096 0.76807340 0.73907653 0.74219475 0.75797491 0.71439219 

0.87145393 0.87838470 0.86625271 0.85253830 0.84114210 0.84931921 0.87615061 0.87527571 
0.86800471 0.87413700 0.87173799 0.86347352 0.85475148 0.84825849 0.86294274 0.86952960 
0.86823118 0.87698987 0.87798751 0.88332119 0.87135987 0.84641313 0.86646301 0.86217274 
0.87398002 0.87718343 0.86424543 0.89836195 0.87426269 0.86199734 0.86017279 0.87165777 
0.89202724 0.89105869 0.84788128 0.85582703 0.87009335 0.86204713 0.88434013 0.86607917 
0.88631958 0.85804407 0.85443354 0.86370545 0.86971296 0.84807182 0.87438675 0.87824542 
0.86359034 0.86968032 0.84453326 0.84676566 0.88257524 0.87064123 0.86151997 0.87104331 
0.85636083 0.85886230 0.84962822 0.87696841 0.85993670 0.86233051 0.87205927 0.84402247 

0.86013286 0.86751563 0.85453357 0.83989768 0.82780595 0.83658613 0.86529091 0.86429600 
0.85622081 0.86268335 0.86023948 0.85145201 0.84227129 0.83533864 0.85109754 0.85802773 
0.85637500 0.86557727 0.86673992 0.87268166 0.85994727 0.83313875 0.85474412 0.85006865 
0.86246819 0.86570438 0.85188496 0.88887483 0.86291788 0.84962938 0.84766435 0.85998476 
0.88198461 0.88072277 0.83437482 0.84311969 0.85840484 0.84964948 0.87368698 0.85406517 
0.87596038 0.84539336 0.84162839 0.85171701 0.85809584 0.83476880 0.86307464 0.86729632 
0.85170364 0.85815812 0.83124498 0.83369159 0.87200413 0.85908478 0.84932101 0.85965743 
0.84408806 0.84676372 0.83689515 0.86615485 0.84780526 0.85031877 0.86077367 0.83086136 

0.77809796 0.78830543 0.76996283 0.74970755 0.73360564 0.74606561 0.78634132 0.78454690 
0.77083279 0.77911675 0.77647786 0.76463178 0.75300523 0.74362832 0.76574893 0.77459037 
0.76997427 0.78156673 0.78413115 0.79433491 0.77700659 0.73897511 0.77000890 0.76251116 
0.77786577 0.78087033 0.76182293 0.81780731 0.78008962 0.76041722 0.75763334 0.77479733 
0.80696946 0.80335158 0.73708616 0.75091448 0.77282538 0.75959682 0.79502051 0.76637846 
0.79912535 0.75356329 0.74895284 0.76435980 0.77317977 0.73908061 0.78018329 0.78670261 
0.76556506 0.77402992 0.73614817 0.74028422 0.79399622 0.77440471 0.76090969 0.77664851 
0.75587848 0.75956817 0.74588252 0.78727524 0.76023190 0.76332365 0.77826442 0.73687636 

0.76003336 0.77078812 0.75148242 0.73020410 0.71338780 0.72646155 0.76883350 0.76692453 
0.75215580 0.76078807 0.75815777 0.74572151 0.73363638 0.72380450 0.74706190 0.75628326 
0.75107165 0.76304530 0.76589143 0.77690191 0.75873675 0.71871019 0.75143043 0.74340086 
0.75911663 0.76197680 0.74197415 0.80158811 0.76170964 0.74091697 0.73807307 0.75604414 
0.78989994 0.78560959 0.71564842 0.73050895 0.75381483 0.73981079 0.77750215 0.74701111 
0.78162917 0.73304267 0.72834250 0.74494169 0.75432208 0.71816426 0.76175690 0.76861014 
0.74641471 0.75510571 0.71522209 0.71990538 0.77637235 0.75537387 0.74123475 0.75801608 
0.73645411 0.74030437 0.72598227 0.76965367 0.74082041 0.74393873 0.75965122 0.71623869 

0.78654321 0.79651698 0.77865438 0.75888283 0.74309518 0.75520929 0.79445875 0.79276236 
0.77965593 0.78782578 0.78517063 0.77356595 0.76209708 0.75291855 0.77445241 0.78318317 
0.77891268 0.79035171 0.79275488 0.80249858 0.78556271 0.74856912 0.77869686 0.77148116 
0.78661279 0.78967781 0.77107708 0.82524268 0.78863141 0.76962173 0.76690077 0.78361681 
0.81475046 0.81135804 0.74685779 0.76019640 0.78160297 0.76887175 0.80323193 0.77535402 
0.80699265 0.76277086 0.75826835 0.77320974 0.78185973 0.74874682 0.78870866 0.79496527 
0.77424564 0.78253374 0.74564044 0.74963442 0.80198591 0.78301785 0.76983875 0.78505460 
0.76473944 0.76836135 0.75503703 0.79533182 0.76905370 0.77207781 0.78660189 0.74621284 

0.87774874 0.88439250 0.87275554 0.85957554 0.84860135 0.85646285 0.88221882 0.88138766 
0.87453660 0.88043232 0.87808849 0.87011913 0.86170267 0.85547358 0.86960656 0.87594148 
0.87486411 0.88328889 0.88415992 0.88919278 0.87768399 0.85376877 0.87303719 0.86896685 
0.88046642 0.88360081 0.87112140 0.90363052 0.88053494 0.86883087 0.86712054 0.87815311 
0.89770284 0.89688662 0.85554379 0.86306183 0.87664525 0.86898450 0.89029340 0.87287400 
0.89219316 0.86527766 0.86176908 0.87056225 0.87627486 0.85563525 0.88077371 0.88444943 
0.87034016 0.87624599 0.85217183 0.85424677 0.88858063 0.87724633 0.86847465 0.87749881 
0.86333025 0.86574130 0.85688721 0.88308715 0.86684967 0.86918943 0.87850232 0.85155886 

0.86821937 0.87526726 0.86285816 0.84886020 0.83726214 0.84564867 0.87305015 0.87211896 
0.86467013 0.87087800 0.86839760 0.85994583 0.85110101 0.84453148 0.85960018 0.86624474 
0.86489303 0.87375215 0.87469670 0.88019166 0.86802169 0.84257283 0.86316896 0.85873169 
0.87072113 0.87390146 0.86061431 0.89559188 0.87094847 0.85844160 0.85665948 0.86832307 
0.88914527 0.88807060 0.84393079 0.85216039 0.86671077 0.85849572 0.88133584 0.86262048 
0.88330438 0.85436970 0.85073090 0.86028241 0.86637348 0.84424710 0.87114629 0.87506423 
0.86012536 0.86634554 0.84070754 0.84303203 0.87954101 0.86731324 0.85798494 0.86770960 
0.85280385 0.85536700 0.84596784 0.87387309 0.85643444 0.85886333 0.86878558 0.84018145 


