0.16670000 0.09710000 0.04270000 -0.03490000 -0.16370000 
-0.09960000 -0.01610000 0.10810000 0.16130000 -0.05450000 
0.03960000 -0.17830000 0.15620000 0.15440000 0.11600000 
-0.00520000 0.11900000 0.08820000 -0.03320000 -0.18150000 
0.14490000 -0.02050000 -0.11990000 0.14580000 -0.13370000 


0.16670000 0.09710000 0.04270000 -0.03490000 -0.16370000 
-0.09960000 -0.01610000 0.10810000 0.16130000 -0.05450000 
0.03960000 -0.17830000 0.15620000 0.15440000 0.11600000 
-0.00520000 0.11900000 0.08820000 -0.03320000 -0.18150000 
0.14490000 -0.02050000 -0.11990000 0.14580000 -0.13370000 


0.16670000 0.09710000 0.04270000 -0.03490000 -0.16370000 
-0.09960000 -0.01610000 0.10810000 0.16130000 -0.05450000 
0.03960000 -0.17830000 0.15620000 0.15440000 0.11600000 
-0.00520000 0.11900000 0.08820000 -0.03320000 -0.18150000 
0.14490000 -0.02050000 -0.11990000 0.14580000 -0.13370000 


0.16670000 0.09710000 0.04270000 -0.03490000 -0.16370000 
-0.09960000 -0.01610000 0.10810000 0.16130000 -0.05450000 
0.03960000 -0.17830000 0.15620000 0.15440000 0.11600000 
-0.00520000 0.11900000 0.08820000 -0.03320000 -0.18150000 
0.14490000 -0.02050000 -0.11990000 0.14580000 -0.13370000 


0.16670000 0.09710000 0.04270000 -0.03490000 -0.16370000 
-0.09960000 -0.01610000 0.10810000 0.16130000 -0.05450000 
0.03960000 -0.17830000 0.15620000 0.15440000 0.11600000 
-0.00520000 0.11900000 0.08820000 -0.03320000 -0.18150000 
0.14490000 -0.02050000 -0.11990000 0.14580000 -0.13370000 


0.16670000 0.09710000 0.04270000 -0.03490000 -0.16370000 
-0.09960000 -0.01610000 0.10810000 0.16130000 -0.05450000 
0.03960000 -0.17830000 0.15620000 0.15440000 0.11600000 
-0.00520000 0.11900000 0.08820000 -0.03320000 -0.18150000 
0.14490000 -0.02050000 -0.11990000 0.14580000 -0.13370000 


