0.50000000 0.50000000 0.50000000 0.50000000 0.50000000 0.50000000 0.50000000 0.50000000 0.50000000 0.50000000 0.50000000 0.50000000 0.50000000 0.50000000 0.50000000 0.50000000 0.50000000 0.50000000 0.50000000 0.50000000 0.50000000 0.50000000 0.50000000 0.50000000 
0.50000000 0.50000000 0.50000000 0.50000000 0.50000000 0.50000000 0.50000000 0.50000000 0.50000000 0.50000000 0.50000000 0.50000000 0.50000000 0.50000000 0.50000000 0.50000000 0.50000000 0.50000000 0.50000000 0.50000000 0.50000000 0.50000000 0.50000000 0.50000000 
0.50000000 0.50000000 0.50000000 0.50000000 0.50000000 0.50000000 0.50000000 0.50000000 0.50000000 0.50000000 0.50000000 0.50000000 0.50000000 0.50000000 0.50000000 0.50000000 0.50000000 0.50000000 0.50000000 0.50000000 0.50000000 0.50000000 0.50000000 0.50000000 
0.50000000 0.50000000 0.50000000 0.50000000 0.50000000 0.50000000 0.50000000 0.50000000 0.50000000 0.50000000 0.50000000 0.50000000 0.50000000 0.50000000 0.50000000 0.50000000 0.50000000 0.50000000 0.50000000 0.50000000 0.50000000 0.50000000 0.50000000 0.50000000 
0.50000000 0.50000000 0.50000000 0.50000000 0.50000000 0.50000000 0.50000000 0.50000000 0.50000000 0.50000000 0.50000000 0.50000000 0.50000000 0.50000000 0.50000000 0.50000000 0.50000000 0.50000000 0.50000000 0.50000000 0.50000000 0.50000000 0.50000000 0.50000000 
0.50000000 0.50261488 0.51394031 0.53822819 0.55347529 0.55515290 0.54263484 0.52444931 0.52156661 0.52156661 0.52124035 0.50733398 0.48389734 0.46761833 0.46460753 0.48025126 0.49614831 0.50000000 0.50000000 0.50000000 0.50000000 0.50000000 0.50000000 0.50000000 
0.51943853 0.54689014 0.56006926 0.55303921 0.53678674 0.53843559 0.55042418 0.54742223 0.54646894 0.54646894 0.54682455 0.55490554 0.56226405 0.53843033 0.48344106 0.45446388 0.45643623 0.47882796 0.50000000 0.50000000 0.50000000 0.50000000 0.50000000 0.50000000 
0.51942218 0.53585307 0.55371805 0.56800526 0.52733419 0.53060571 0.55612590 0.57804172 0.59869642 0.61039445 0.62410671 0.62617864 0.63159235 0.63634456 0.58779866 0.52180058 0.46448354 0.45105509 0.49021135 0.50000000 0.50000000 0.50000000 0.50000000 0.50000000 
0.49914157 0.47574425 0.49365809 0.56231018 0.60219449 0.62161396 0.60761764 0.58049809 0.57373219 0.57078035 0.57373718 0.58699002 0.61620542 0.62758516 0.64331971 0.62965980 0.54016396 0.46383298 0.46406276 0.50000000 0.50000000 0.50000000 0.50000000 0.50000000 
0.49895804 0.48565766 0.54605915 0.61741306 0.60901902 0.58700999 0.57291706 0.54605779 0.53593197 0.52672597 0.52861595 0.51786758 0.53688308 0.58291577 0.60114580 0.62004444 0.55055577 0.48495180 0.46208625 0.50000000 0.50000000 0.50000000 0.50000000 0.50000000 
0.51903305 0.53867641 0.56616247 0.57883026 0.53640215 0.49383051 0.48249471 0.48779899 0.49977402 0.50811772 0.52172093 0.54706243 0.56295008 0.51805421 0.51241029 0.53978785 0.54436284 0.47097649 0.47984436 0.50000000 0.50000000 0.50000000 0.50000000 0.50000000 
0.52655831 0.54111782 0.51755141 0.52368021 0.48416520 0.48240511 0.49624242 0.49600283 0.51762123 0.54020283 0.56679039 0.57222903 0.55629017 0.55024348 0.52388485 0.55021301 0.54810020 0.45545995 0.47022849 0.50000000 0.50000000 0.50000000 0.50000000 0.50000000 
0.51136275 0.50521079 0.49162098 0.50551135 0.49734414 0.53375993 0.56059888 0.57361211 0.56149957 0.51787630 0.51153697 0.52617644 0.55948179 0.58937806 0.61629158 0.64406964 0.55660357 0.46181577 0.42593706 0.47900549 0.49083661 0.49720326 0.49967902 0.50000000 
0.50000000 0.50000000 0.50000000 0.50000000 0.50464791 0.52205323 0.53908081 0.57189830 0.59664487 0.55193369 0.54746245 0.55116867 0.62304998 0.68032673 0.66875086 0.64577266 0.56509568 0.52786072 0.48038292 0.48422808 0.45977837 0.45402319 0.47227494 0.49679024 
0.50000000 0.50000000 0.50000000 0.50000000 0.49691063 0.51133815 0.50214646 0.57237455 0.63538362 0.63089585 0.64675272 0.67763790 0.68097312 0.64950889 0.62392426 0.57760004 0.54897890 0.54967238 0.58028808 0.58996360 0.53303650 0.47640851 0.44726606 0.46736128 
0.50000000 0.50000000 0.50000000 0.50000000 0.50139372 0.48666169 0.47556399 0.55164311 0.62097684 0.61776269 0.62408620 0.62362056 0.61534032 0.61648816 0.57548894 0.58891645 0.61831268 0.59326895 0.60826613 0.59737504 0.60807362 0.56192128 0.49473686 0.47267744 
0.50000000 0.50000000 0.50000000 0.50000000 0.50207920 0.54231267 0.53666037 0.55307711 0.59632981 0.55733019 0.55607788 0.56688407 0.57706655 0.56462299 0.55175824 0.55369886 0.54904114 0.56593369 0.59440871 0.58632189 0.58182073 0.58166023 0.51792369 0.51216338 
0.50000000 0.50000000 0.50000000 0.50000000 0.50539803 0.53361500 0.54679403 0.54741737 0.56935595 0.50840842 0.50169568 0.51068798 0.51485945 0.51675373 0.50816016 0.51061791 0.51314413 0.53134560 0.52789932 0.51845328 0.56147156 0.54838585 0.47151685 0.47576949 
0.50000000 0.50000000 0.50000000 0.50000000 0.50000000 0.52625671 0.52750700 0.50508463 0.52872715 0.51415151 0.51333243 0.51407843 0.51092571 0.50221822 0.50711158 0.51528739 0.52925771 0.52579649 0.51916698 0.48729127 0.47584226 0.45827978 0.45720204 0.45336593 
0.50000000 0.50000000 0.50000000 0.50000000 0.50000000 0.50000000 0.50000000 0.50000000 0.50213087 0.50665902 0.50421274 0.50193411 0.50360964 0.50664706 0.51253972 0.51480263 0.51827049 0.51113571 0.51875913 0.50185087 0.47982723 0.48823453 0.46710318 0.48405120 
0.50000000 0.50000000 0.50000000 0.50000000 0.50000000 0.50000000 0.50000000 0.50000000 0.50000000 0.50000000 0.50000000 0.50000000 0.50000000 0.50000000 0.50000000 0.50000000 0.50000000 0.50156264 0.51312943 0.49710190 0.49048370 0.51175734 0.48796683 0.49973784 
0.50000000 0.50000000 0.50000000 0.50000000 0.50000000 0.50000000 0.50000000 0.50000000 0.50000000 0.50000000 0.50000000 0.50000000 0.50000000 0.50000000 0.50000000 0.50000000 0.50000000 0.50000000 0.50000000 0.50000000 0.50000000 0.50000000 0.50000000 0.50000000 
0.50000000 0.50000000 0.50000000 0.50000000 0.50000000 0.50000000 0.50000000 0.50000000 0.50000000 0.50000000 0.50000000 0.50000000 0.50000000 0.50000000 0.50000000 0.50000000 0.50000000 0.50000000 0.50000000 0.50000000 0.50000000 0.50000000 0.50000000 0.50000000 
0.50000000 0.50000000 0.50000000 0.50000000 0.50000000 0.50000000 0.50000000 0.50000000 0.50000000 0.50000000 0.50000000 0.50000000 0.50000000 0.50000000 0.50000000 0.50000000 0.50000000 0.50000000 0.50000000 0.50000000 0.50000000 0.50000000 0.50000000 0.50000000 

0.50000000 0.50000000 0.50000000 0.50000000 0.50000000 0.50000000 0.50000000 0.50000000 0.50000000 0.50000000 0.50000000 0.50000000 0.50000000 0.50000000 0.50000000 0.50000000 0.50000000 0.50000000 0.50000000 0.50000000 0.50000000 0.50000000 0.50000000 0.50000000 
0.50000000 0.50000000 0.50000000 0.50000000 0.50000000 0.50000000 0.50000000 0.50000000 0.50000000 0.50000000 0.50000000 0.50000000 0.50000000 0.50000000 0.50000000 0.50000000 0.50000000 0.50000000 0.50000000 0.50000000 0.50000000 0.50000000 0.50000000 0.50000000 
0.50000000 0.50000000 0.50000000 0.50000000 0.50000000 0.50000000 0.50000000 0.50000000 0.50000000 0.50000000 0.50000000 0.50000000 0.50000000 0.50000000 0.50000000 0.50000000 0.50000000 0.50000000 0.50000000 0.50000000 0.50000000 0.50000000 0.50000000 0.50000000 
0.50000000 0.50000000 0.50000000 0.50000000 0.50000000 0.50000000 0.50000000 0.50000000 0.50000000 0.50000000 0.50000000 0.50000000 0.50000000 0.50000000 0.50000000 0.50000000 0.50000000 0.50000000 0.50000000 0.50000000 0.50000000 0.50000000 0.50000000 0.50000000 
0.50000000 0.50000000 0.50000000 0.50000000 0.50000000 0.50000000 0.50000000 0.50000000 0.50000000 0.50000000 0.50000000 0.50000000 0.50000000 0.50000000 0.50000000 0.50000000 0.50000000 0.50000000 0.50000000 0.50000000 0.50000000 0.50000000 0.50000000 0.50000000 
0.50000000 0.50261488 0.51394031 0.53822819 0.55347529 0.55515290 0.54263484 0.52444931 0.52156661 0.52156661 0.52124035 0.50733398 0.48389734 0.46761833 0.46460753 0.48025126 0.49614831 0.50000000 0.50000000 0.50000000 0.50000000 0.50000000 0.50000000 0.50000000 
0.51943853 0.54689014 0.56006926 0.55303921 0.53678674 0.53843559 0.55042418 0.54742223 0.54646894 0.54646894 0.54682455 0.55490554 0.56226405 0.53843033 0.48344106 0.45446388 0.45643623 0.47882796 0.50000000 0.50000000 0.50000000 0.50000000 0.50000000 0.50000000 
0.51942218 0.53585307 0.55371805 0.56800526 0.52733419 0.53060571 0.55612590 0.57804172 0.59869642 0.61039445 0.62410671 0.62617864 0.63159235 0.63634456 0.58779866 0.52180058 0.46448354 0.45105509 0.49021135 0.50000000 0.50000000 0.50000000 0.50000000 0.50000000 
0.49914157 0.47574425 0.49365809 0.56231018 0.60219449 0.62161396 0.60761764 0.58049809 0.57373219 0.57078035 0.57373718 0.58699002 0.61620542 0.62758516 0.64331971 0.62965980 0.54016396 0.46383298 0.46406276 0.50000000 0.50000000 0.50000000 0.50000000 0.50000000 
0.49895804 0.48565766 0.54605915 0.61741306 0.60901902 0.58700999 0.57291706 0.54605779 0.53593197 0.52672597 0.52861595 0.51786758 0.53688308 0.58291577 0.60114580 0.62004444 0.55055577 0.48495180 0.46208625 0.50000000 0.50000000 0.50000000 0.50000000 0.50000000 
0.51903305 0.53867641 0.56616247 0.57883026 0.53640215 0.49383051 0.48249471 0.48779899 0.49977402 0.50811772 0.52172093 0.54706243 0.56295008 0.51805421 0.51241029 0.53978785 0.54436284 0.47097649 0.47984436 0.50000000 0.50000000 0.50000000 0.50000000 0.50000000 
0.52655831 0.54111782 0.51755141 0.52368021 0.48416520 0.48240511 0.49624242 0.49600283 0.51762123 0.54020283 0.56679039 0.57222903 0.55629017 0.55024348 0.52388485 0.55021301 0.54810020 0.45545995 0.47022849 0.50000000 0.50000000 0.50000000 0.50000000 0.50000000 
0.51136275 0.50521079 0.49162098 0.50551135 0.49734414 0.53375993 0.56059888 0.57361211 0.56149957 0.51787630 0.51153697 0.52617644 0.55948179 0.58937806 0.61629158 0.64406964 0.55660357 0.46181577 0.42593706 0.47900549 0.49083661 0.49720326 0.49967902 0.50000000 
0.50000000 0.50000000 0.50000000 0.50000000 0.50464791 0.52205323 0.53908081 0.57189830 0.59664487 0.55193369 0.54746245 0.55116867 0.62304998 0.68032673 0.66875086 0.64577266 0.56509568 0.52786072 0.48038292 0.48422808 0.45977837 0.45402319 0.47227494 0.49679024 
0.50000000 0.50000000 0.50000000 0.50000000 0.49691063 0.51133815 0.50214646 0.57237455 0.63538362 0.63089585 0.64675272 0.67763790 0.68097312 0.64950889 0.62392426 0.57760004 0.54897890 0.54967238 0.58028808 0.58996360 0.53303650 0.47640851 0.44726606 0.46736128 
0.50000000 0.50000000 0.50000000 0.50000000 0.50139372 0.48666169 0.47556399 0.55164311 0.62097684 0.61776269 0.62408620 0.62362056 0.61534032 0.61648816 0.57548894 0.58891645 0.61831268 0.59326895 0.60826613 0.59737504 0.60807362 0.56192128 0.49473686 0.47267744 
0.50000000 0.50000000 0.50000000 0.50000000 0.50207920 0.54231267 0.53666037 0.55307711 0.59632981 0.55733019 0.55607788 0.56688407 0.57706655 0.56462299 0.55175824 0.55369886 0.54904114 0.56593369 0.59440871 0.58632189 0.58182073 0.58166023 0.51792369 0.51216338 
0.50000000 0.50000000 0.50000000 0.50000000 0.50539803 0.53361500 0.54679403 0.54741737 0.56935595 0.50840842 0.50169568 0.51068798 0.51485945 0.51675373 0.50816016 0.51061791 0.51314413 0.53134560 0.52789932 0.51845328 0.56147156 0.54838585 0.47151685 0.47576949 
0.50000000 0.50000000 0.50000000 0.50000000 0.50000000 0.52625671 0.52750700 0.50508463 0.52872715 0.51415151 0.51333243 0.51407843 0.51092571 0.50221822 0.50711158 0.51528739 0.52925771 0.52579649 0.51916698 0.48729127 0.47584226 0.45827978 0.45720204 0.45336593 
0.50000000 0.50000000 0.50000000 0.50000000 0.50000000 0.50000000 0.50000000 0.50000000 0.50213087 0.50665902 0.50421274 0.50193411 0.50360964 0.50664706 0.51253972 0.51480263 0.51827049 0.51113571 0.51875913 0.50185087 0.47982723 0.48823453 0.46710318 0.48405120 
0.50000000 0.50000000 0.50000000 0.50000000 0.50000000 0.50000000 0.50000000 0.50000000 0.50000000 0.50000000 0.50000000 0.50000000 0.50000000 0.50000000 0.50000000 0.50000000 0.50000000 0.50156264 0.51312943 0.49710190 0.49048370 0.51175734 0.48796683 0.49973784 
0.50000000 0.50000000 0.50000000 0.50000000 0.50000000 0.50000000 0.50000000 0.50000000 0.50000000 0.50000000 0.50000000 0.50000000 0.50000000 0.50000000 0.50000000 0.50000000 0.50000000 0.50000000 0.50000000 0.50000000 0.50000000 0.50000000 0.50000000 0.50000000 
0.50000000 0.50000000 0.50000000 0.50000000 0.50000000 0.50000000 0.50000000 0.50000000 0.50000000 0.50000000 0.50000000 0.50000000 0.50000000 0.50000000 0.50000000 0.50000000 0.50000000 0.50000000 0.50000000 0.50000000 0.50000000 0.50000000 0.50000000 0.50000000 
0.50000000 0.50000000 0.50000000 0.50000000 0.50000000 0.50000000 0.50000000 0.50000000 0.50000000 0.50000000 0.50000000 0.50000000 0.50000000 0.50000000 0.50000000 0.50000000 0.50000000 0.50000000 0.50000000 0.50000000 0.50000000 0.50000000 0.50000000 0.50000000 

0.50000000 0.50000000 0.50000000 0.50000000 0.50000000 0.50000000 0.50000000 0.50000000 0.50000000 0.50000000 0.50000000 0.50000000 0.50000000 0.50000000 0.50000000 0.50000000 0.50000000 0.50000000 0.50000000 0.50000000 0.50000000 0.50000000 0.50000000 0.50000000 
0.50000000 0.50000000 0.50000000 0.50000000 0.50000000 0.50000000 0.50000000 0.50000000 0.50000000 0.50000000 0.50000000 0.50000000 0.50000000 0.50000000 0.50000000 0.50000000 0.50000000 0.50000000 0.50000000 0.50000000 0.50000000 0.50000000 0.50000000 0.50000000 
0.50000000 0.50000000 0.50000000 0.50000000 0.50000000 0.50000000 0.50000000 0.50000000 0.50000000 0.50000000 0.50000000 0.50000000 0.50000000 0.50000000 0.50000000 0.50000000 0.50000000 0.50000000 0.50000000 0.50000000 0.50000000 0.50000000 0.50000000 0.50000000 
0.50000000 0.50000000 0.50000000 0.50000000 0.50000000 0.50000000 0.50000000 0.50000000 0.50000000 0.50000000 0.50000000 0.50000000 0.50000000 0.50000000 0.50000000 0.50000000 0.50000000 0.50000000 0.50000000 0.50000000 0.50000000 0.50000000 0.50000000 0.50000000 
0.50000000 0.50000000 0.50000000 0.50000000 0.50000000 0.50000000 0.50000000 0.50000000 0.50000000 0.50000000 0.50000000 0.50000000 0.50000000 0.50000000 0.50000000 0.50000000 0.50000000 0.50000000 0.50000000 0.50000000 0.50000000 0.50000000 0.50000000 0.50000000 
0.50000000 0.50261488 0.51394031 0.53822819 0.55347529 0.55515290 0.54263484 0.52444931 0.52156661 0.52156661 0.52124035 0.50733398 0.48389734 0.46761833 0.46460753 0.48025126 0.49614831 0.50000000 0.50000000 0.50000000 0.50000000 0.50000000 0.50000000 0.50000000 
0.51943853 0.54689014 0.56006926 0.55303921 0.53678674 0.53843559 0.55042418 0.54742223 0.54646894 0.54646894 0.54682455 0.55490554 0.56226405 0.53843033 0.48344106 0.45446388 0.45643623 0.47882796 0.50000000 0.50000000 0.50000000 0.50000000 0.50000000 0.50000000 
0.51942218 0.53585307 0.55371805 0.56800526 0.52733419 0.53060571 0.55612590 0.57804172 0.59869642 0.61039445 0.62410671 0.62617864 0.63159235 0.63634456 0.58779866 0.52180058 0.46448354 0.45105509 0.49021135 0.50000000 0.50000000 0.50000000 0.50000000 0.50000000 
0.49914157 0.47574425 0.49365809 0.56231018 0.60219449 0.62161396 0.60761764 0.58049809 0.57373219 0.57078035 0.57373718 0.58699002 0.61620542 0.62758516 0.64331971 0.62965980 0.54016396 0.46383298 0.46406276 0.50000000 0.50000000 0.50000000 0.50000000 0.50000000 
0.49895804 0.48565766 0.54605915 0.61741306 0.60901902 0.58700999 0.57291706 0.54605779 0.53593197 0.52672597 0.52861595 0.51786758 0.53688308 0.58291577 0.60114580 0.62004444 0.55055577 0.48495180 0.46208625 0.50000000 0.50000000 0.50000000 0.50000000 0.50000000 
0.51903305 0.53867641 0.56616247 0.57883026 0.53640215 0.49383051 0.48249471 0.48779899 0.49977402 0.50811772 0.52172093 0.54706243 0.56295008 0.51805421 0.51241029 0.53978785 0.54436284 0.47097649 0.47984436 0.50000000 0.50000000 0.50000000 0.50000000 0.50000000 
0.52655831 0.54111782 0.51755141 0.52368021 0.48416520 0.48240511 0.49624242 0.49600283 0.51762123 0.54020283 0.56679039 0.57222903 0.55629017 0.55024348 0.52388485 0.55021301 0.54810020 0.45545995 0.47022849 0.50000000 0.50000000 0.50000000 0.50000000 0.50000000 
0.51136275 0.50521079 0.49162098 0.50551135 0.49734414 0.53375993 0.56059888 0.57361211 0.56149957 0.51787630 0.51153697 0.52617644 0.55948179 0.58937806 0.61629158 0.64406964 0.55660357 0.46181577 0.42593706 0.47900549 0.49083661 0.49720326 0.49967902 0.50000000 
0.50000000 0.50000000 0.50000000 0.50000000 0.50464791 0.52205323 0.53908081 0.57189830 0.59664487 0.55193369 0.54746245 0.55116867 0.62304998 0.68032673 0.66875086 0.64577266 0.56509568 0.52786072 0.48038292 0.48422808 0.45977837 0.45402319 0.47227494 0.49679024 
0.50000000 0.50000000 0.50000000 0.50000000 0.49691063 0.51133815 0.50214646 0.57237455 0.63538362 0.63089585 0.64675272 0.67763790 0.68097312 0.64950889 0.62392426 0.57760004 0.54897890 0.54967238 0.58028808 0.58996360 0.53303650 0.47640851 0.44726606 0.46736128 
0.50000000 0.50000000 0.50000000 0.50000000 0.50139372 0.48666169 0.47556399 0.55164311 0.62097684 0.61776269 0.62408620 0.62362056 0.61534032 0.61648816 0.57548894 0.58891645 0.61831268 0.59326895 0.60826613 0.59737504 0.60807362 0.56192128 0.49473686 0.47267744 
0.50000000 0.50000000 0.50000000 0.50000000 0.50207920 0.54231267 0.53666037 0.55307711 0.59632981 0.55733019 0.55607788 0.56688407 0.57706655 0.56462299 0.55175824 0.55369886 0.54904114 0.56593369 0.59440871 0.58632189 0.58182073 0.58166023 0.51792369 0.51216338 
0.50000000 0.50000000 0.50000000 0.50000000 0.50539803 0.53361500 0.54679403 0.54741737 0.56935595 0.50840842 0.50169568 0.51068798 0.51485945 0.51675373 0.50816016 0.51061791 0.51314413 0.53134560 0.52789932 0.51845328 0.56147156 0.54838585 0.47151685 0.47576949 
0.50000000 0.50000000 0.50000000 0.50000000 0.50000000 0.52625671 0.52750700 0.50508463 0.52872715 0.51415151 0.51333243 0.51407843 0.51092571 0.50221822 0.50711158 0.51528739 0.52925771 0.52579649 0.51916698 0.48729127 0.47584226 0.45827978 0.45720204 0.45336593 
0.50000000 0.50000000 0.50000000 0.50000000 0.50000000 0.50000000 0.50000000 0.50000000 0.50213087 0.50665902 0.50421274 0.50193411 0.50360964 0.50664706 0.51253972 0.51480263 0.51827049 0.51113571 0.51875913 0.50185087 0.47982723 0.48823453 0.46710318 0.48405120 
0.50000000 0.50000000 0.50000000 0.50000000 0.50000000 0.50000000 0.50000000 0.50000000 0.50000000 0.50000000 0.50000000 0.50000000 0.50000000 0.50000000 0.50000000 0.50000000 0.50000000 0.50156264 0.51312943 0.49710190 0.49048370 0.51175734 0.48796683 0.49973784 
0.50000000 0.50000000 0.50000000 0.50000000 0.50000000 0.50000000 0.50000000 0.50000000 0.50000000 0.50000000 0.50000000 0.50000000 0.50000000 0.50000000 0.50000000 0.50000000 0.50000000 0.50000000 0.50000000 0.50000000 0.50000000 0.50000000 0.50000000 0.50000000 
0.50000000 0.50000000 0.50000000 0.50000000 0.50000000 0.50000000 0.50000000 0.50000000 0.50000000 0.50000000 0.50000000 0.50000000 0.50000000 0.50000000 0.50000000 0.50000000 0.50000000 0.50000000 0.50000000 0.50000000 0.50000000 0.50000000 0.50000000 0.50000000 
0.50000000 0.50000000 0.50000000 0.50000000 0.50000000 0.50000000 0.50000000 0.50000000 0.50000000 0.50000000 0.50000000 0.50000000 0.50000000 0.50000000 0.50000000 0.50000000 0.50000000 0.50000000 0.50000000 0.50000000 0.50000000 0.50000000 0.50000000 0.50000000 

0.50000000 0.50000000 0.50000000 0.50000000 0.50000000 0.50000000 0.50000000 0.50000000 0.50000000 0.50000000 0.50000000 0.50000000 0.50000000 0.50000000 0.50000000 0.50000000 0.50000000 0.50000000 0.50000000 0.50000000 0.50000000 0.50000000 0.50000000 0.50000000 
0.50000000 0.50000000 0.50000000 0.50000000 0.50000000 0.50000000 0.50000000 0.50000000 0.50000000 0.50000000 0.50000000 0.50000000 0.50000000 0.50000000 0.50000000 0.50000000 0.50000000 0.50000000 0.50000000 0.50000000 0.50000000 0.50000000 0.50000000 0.50000000 
0.50000000 0.50000000 0.50000000 0.50000000 0.50000000 0.50000000 0.50000000 0.50000000 0.50000000 0.50000000 0.50000000 0.50000000 0.50000000 0.50000000 0.50000000 0.50000000 0.50000000 0.50000000 0.50000000 0.50000000 0.50000000 0.50000000 0.50000000 0.50000000 
0.50000000 0.50000000 0.50000000 0.50000000 0.50000000 0.50000000 0.50000000 0.50000000 0.50000000 0.50000000 0.50000000 0.50000000 0.50000000 0.50000000 0.50000000 0.50000000 0.50000000 0.50000000 0.50000000 0.50000000 0.50000000 0.50000000 0.50000000 0.50000000 
0.50000000 0.50000000 0.50000000 0.50000000 0.50000000 0.50000000 0.50000000 0.50000000 0.50000000 0.50000000 0.50000000 0.50000000 0.50000000 0.50000000 0.50000000 0.50000000 0.50000000 0.50000000 0.50000000 0.50000000 0.50000000 0.50000000 0.50000000 0.50000000 
0.50000000 0.50261488 0.51394031 0.53822819 0.55347529 0.55515290 0.54263484 0.52444931 0.52156661 0.52156661 0.52124035 0.50733398 0.48389734 0.46761833 0.46460753 0.48025126 0.49614831 0.50000000 0.50000000 0.50000000 0.50000000 0.50000000 0.50000000 0.50000000 
0.51943853 0.54689014 0.56006926 0.55303921 0.53678674 0.53843559 0.55042418 0.54742223 0.54646894 0.54646894 0.54682455 0.55490554 0.56226405 0.53843033 0.48344106 0.45446388 0.45643623 0.47882796 0.50000000 0.50000000 0.50000000 0.50000000 0.50000000 0.50000000 
0.51942218 0.53585307 0.55371805 0.56800526 0.52733419 0.53060571 0.55612590 0.57804172 0.59869642 0.61039445 0.62410671 0.62617864 0.63159235 0.63634456 0.58779866 0.52180058 0.46448354 0.45105509 0.49021135 0.50000000 0.50000000 0.50000000 0.50000000 0.50000000 
0.49914157 0.47574425 0.49365809 0.56231018 0.60219449 0.62161396 0.60761764 0.58049809 0.57373219 0.57078035 0.57373718 0.58699002 0.61620542 0.62758516 0.64331971 0.62965980 0.54016396 0.46383298 0.46406276 0.50000000 0.50000000 0.50000000 0.50000000 0.50000000 
0.49895804 0.48565766 0.54605915 0.61741306 0.60901902 0.58700999 0.57291706 0.54605779 0.53593197 0.52672597 0.52861595 0.51786758 0.53688308 0.58291577 0.60114580 0.62004444 0.55055577 0.48495180 0.46208625 0.50000000 0.50000000 0.50000000 0.50000000 0.50000000 
0.51903305 0.53867641 0.56616247 0.57883026 0.53640215 0.49383051 0.48249471 0.48779899 0.49977402 0.50811772 0.52172093 0.54706243 0.56295008 0.51805421 0.51241029 0.53978785 0.54436284 0.47097649 0.47984436 0.50000000 0.50000000 0.50000000 0.50000000 0.50000000 
0.52655831 0.54111782 0.51755141 0.52368021 0.48416520 0.48240511 0.49624242 0.49600283 0.51762123 0.54020283 0.56679039 0.57222903 0.55629017 0.55024348 0.52388485 0.55021301 0.54810020 0.45545995 0.47022849 0.50000000 0.50000000 0.50000000 0.50000000 0.50000000 
0.51136275 0.50521079 0.49162098 0.50551135 0.49734414 0.53375993 0.56059888 0.57361211 0.56149957 0.51787630 0.51153697 0.52617644 0.55948179 0.58937806 0.61629158 0.64406964 0.55660357 0.46181577 0.42593706 0.47900549 0.49083661 0.49720326 0.49967902 0.50000000 
0.50000000 0.50000000 0.50000000 0.50000000 0.50464791 0.52205323 0.53908081 0.57189830 0.59664487 0.55193369 0.54746245 0.55116867 0.62304998 0.68032673 0.66875086 0.64577266 0.56509568 0.52786072 0.48038292 0.48422808 0.45977837 0.45402319 0.47227494 0.49679024 
0.50000000 0.50000000 0.50000000 0.50000000 0.49691063 0.51133815 0.50214646 0.57237455 0.63538362 0.63089585 0.64675272 0.67763790 0.68097312 0.64950889 0.62392426 0.57760004 0.54897890 0.54967238 0.58028808 0.58996360 0.53303650 0.47640851 0.44726606 0.46736128 
0.50000000 0.50000000 0.50000000 0.50000000 0.50139372 0.48666169 0.47556399 0.55164311 0.62097684 0.61776269 0.62408620 0.62362056 0.61534032 0.61648816 0.57548894 0.58891645 0.61831268 0.59326895 0.60826613 0.59737504 0.60807362 0.56192128 0.49473686 0.47267744 
0.50000000 0.50000000 0.50000000 0.50000000 0.50207920 0.54231267 0.53666037 0.55307711 0.59632981 0.55733019 0.55607788 0.56688407 0.57706655 0.56462299 0.55175824 0.55369886 0.54904114 0.56593369 0.59440871 0.58632189 0.58182073 0.58166023 0.51792369 0.51216338 
0.50000000 0.50000000 0.50000000 0.50000000 0.50539803 0.53361500 0.54679403 0.54741737 0.56935595 0.50840842 0.50169568 0.51068798 0.51485945 0.51675373 0.50816016 0.51061791 0.51314413 0.53134560 0.52789932 0.51845328 0.56147156 0.54838585 0.47151685 0.47576949 
0.50000000 0.50000000 0.50000000 0.50000000 0.50000000 0.52625671 0.52750700 0.50508463 0.52872715 0.51415151 0.51333243 0.51407843 0.51092571 0.50221822 0.50711158 0.51528739 0.52925771 0.52579649 0.51916698 0.48729127 0.47584226 0.45827978 0.45720204 0.45336593 
0.50000000 0.50000000 0.50000000 0.50000000 0.50000000 0.50000000 0.50000000 0.50000000 0.50213087 0.50665902 0.50421274 0.50193411 0.50360964 0.50664706 0.51253972 0.51480263 0.51827049 0.51113571 0.51875913 0.50185087 0.47982723 0.48823453 0.46710318 0.48405120 
0.50000000 0.50000000 0.50000000 0.50000000 0.50000000 0.50000000 0.50000000 0.50000000 0.50000000 0.50000000 0.50000000 0.50000000 0.50000000 0.50000000 0.50000000 0.50000000 0.50000000 0.50156264 0.51312943 0.49710190 0.49048370 0.51175734 0.48796683 0.49973784 
0.50000000 0.50000000 0.50000000 0.50000000 0.50000000 0.50000000 0.50000000 0.50000000 0.50000000 0.50000000 0.50000000 0.50000000 0.50000000 0.50000000 0.50000000 0.50000000 0.50000000 0.50000000 0.50000000 0.50000000 0.50000000 0.50000000 0.50000000 0.50000000 
0.50000000 0.50000000 0.50000000 0.50000000 0.50000000 0.50000000 0.50000000 0.50000000 0.50000000 0.50000000 0.50000000 0.50000000 0.50000000 0.50000000 0.50000000 0.50000000 0.50000000 0.50000000 0.50000000 0.50000000 0.50000000 0.50000000 0.50000000 0.50000000 
0.50000000 0.50000000 0.50000000 0.50000000 0.50000000 0.50000000 0.50000000 0.50000000 0.50000000 0.50000000 0.50000000 0.50000000 0.50000000 0.50000000 0.50000000 0.50000000 0.50000000 0.50000000 0.50000000 0.50000000 0.50000000 0.50000000 0.50000000 0.50000000 

0.50000000 0.50000000 0.50000000 0.50000000 0.50000000 0.50000000 0.50000000 0.50000000 0.50000000 0.50000000 0.50000000 0.50000000 0.50000000 0.50000000 0.50000000 0.50000000 0.50000000 0.50000000 0.50000000 0.50000000 0.50000000 0.50000000 0.50000000 0.50000000 
0.50000000 0.50000000 0.50000000 0.50000000 0.50000000 0.50000000 0.50000000 0.50000000 0.50000000 0.50000000 0.50000000 0.50000000 0.50000000 0.50000000 0.50000000 0.50000000 0.50000000 0.50000000 0.50000000 0.50000000 0.50000000 0.50000000 0.50000000 0.50000000 
0.50000000 0.50000000 0.50000000 0.50000000 0.50000000 0.50000000 0.50000000 0.50000000 0.50000000 0.50000000 0.50000000 0.50000000 0.50000000 0.50000000 0.50000000 0.50000000 0.50000000 0.50000000 0.50000000 0.50000000 0.50000000 0.50000000 0.50000000 0.50000000 
0.50000000 0.50000000 0.50000000 0.50000000 0.50000000 0.50000000 0.50000000 0.50000000 0.50000000 0.50000000 0.50000000 0.50000000 0.50000000 0.50000000 0.50000000 0.50000000 0.50000000 0.50000000 0.50000000 0.50000000 0.50000000 0.50000000 0.50000000 0.50000000 
0.50000000 0.50000000 0.50000000 0.50000000 0.50000000 0.50000000 0.50000000 0.50000000 0.50000000 0.50000000 0.50000000 0.50000000 0.50000000 0.50000000 0.50000000 0.50000000 0.50000000 0.50000000 0.50000000 0.50000000 0.50000000 0.50000000 0.50000000 0.50000000 
0.50000000 0.50261488 0.51394031 0.53822819 0.55347529 0.55515290 0.54263484 0.52444931 0.52156661 0.52156661 0.52124035 0.50733398 0.48389734 0.46761833 0.46460753 0.48025126 0.49614831 0.50000000 0.50000000 0.50000000 0.50000000 0.50000000 0.50000000 0.50000000 
0.51943853 0.54689014 0.56006926 0.55303921 0.53678674 0.53843559 0.55042418 0.54742223 0.54646894 0.54646894 0.54682455 0.55490554 0.56226405 0.53843033 0.48344106 0.45446388 0.45643623 0.47882796 0.50000000 0.50000000 0.50000000 0.50000000 0.50000000 0.50000000 
0.51942218 0.53585307 0.55371805 0.56800526 0.52733419 0.53060571 0.55612590 0.57804172 0.59869642 0.61039445 0.62410671 0.62617864 0.63159235 0.63634456 0.58779866 0.52180058 0.46448354 0.45105509 0.49021135 0.50000000 0.50000000 0.50000000 0.50000000 0.50000000 
0.49914157 0.47574425 0.49365809 0.56231018 0.60219449 0.62161396 0.60761764 0.58049809 0.57373219 0.57078035 0.57373718 0.58699002 0.61620542 0.62758516 0.64331971 0.62965980 0.54016396 0.46383298 0.46406276 0.50000000 0.50000000 0.50000000 0.50000000 0.50000000 
0.49895804 0.48565766 0.54605915 0.61741306 0.60901902 0.58700999 0.57291706 0.54605779 0.53593197 0.52672597 0.52861595 0.51786758 0.53688308 0.58291577 0.60114580 0.62004444 0.55055577 0.48495180 0.46208625 0.50000000 0.50000000 0.50000000 0.50000000 0.50000000 
0.51903305 0.53867641 0.56616247 0.57883026 0.53640215 0.49383051 0.48249471 0.48779899 0.49977402 0.50811772 0.52172093 0.54706243 0.56295008 0.51805421 0.51241029 0.53978785 0.54436284 0.47097649 0.47984436 0.50000000 0.50000000 0.50000000 0.50000000 0.50000000 
0.52655831 0.54111782 0.51755141 0.52368021 0.48416520 0.48240511 0.49624242 0.49600283 0.51762123 0.54020283 0.56679039 0.57222903 0.55629017 0.55024348 0.52388485 0.55021301 0.54810020 0.45545995 0.47022849 0.50000000 0.50000000 0.50000000 0.50000000 0.50000000 
0.51136275 0.50521079 0.49162098 0.50551135 0.49734414 0.53375993 0.56059888 0.57361211 0.56149957 0.51787630 0.51153697 0.52617644 0.55948179 0.58937806 0.61629158 0.64406964 0.55660357 0.46181577 0.42593706 0.47900549 0.49083661 0.49720326 0.49967902 0.50000000 
0.50000000 0.50000000 0.50000000 0.50000000 0.50464791 0.52205323 0.53908081 0.57189830 0.59664487 0.55193369 0.54746245 0.55116867 0.62304998 0.68032673 0.66875086 0.64577266 0.56509568 0.52786072 0.48038292 0.48422808 0.45977837 0.45402319 0.47227494 0.49679024 
0.50000000 0.50000000 0.50000000 0.50000000 0.49691063 0.51133815 0.50214646 0.57237455 0.63538362 0.63089585 0.64675272 0.67763790 0.68097312 0.64950889 0.62392426 0.57760004 0.54897890 0.54967238 0.58028808 0.58996360 0.53303650 0.47640851 0.44726606 0.46736128 
0.50000000 0.50000000 0.50000000 0.50000000 0.50139372 0.48666169 0.47556399 0.55164311 0.62097684 0.61776269 0.62408620 0.62362056 0.61534032 0.61648816 0.57548894 0.58891645 0.61831268 0.59326895 0.60826613 0.59737504 0.60807362 0.56192128 0.49473686 0.47267744 
0.50000000 0.50000000 0.50000000 0.50000000 0.50207920 0.54231267 0.53666037 0.55307711 0.59632981 0.55733019 0.55607788 0.56688407 0.57706655 0.56462299 0.55175824 0.55369886 0.54904114 0.56593369 0.59440871 0.58632189 0.58182073 0.58166023 0.51792369 0.51216338 
0.50000000 0.50000000 0.50000000 0.50000000 0.50539803 0.53361500 0.54679403 0.54741737 0.56935595 0.50840842 0.50169568 0.51068798 0.51485945 0.51675373 0.50816016 0.51061791 0.51314413 0.53134560 0.52789932 0.51845328 0.56147156 0.54838585 0.47151685 0.47576949 
0.50000000 0.50000000 0.50000000 0.50000000 0.50000000 0.52625671 0.52750700 0.50508463 0.52872715 0.51415151 0.51333243 0.51407843 0.51092571 0.50221822 0.50711158 0.51528739 0.52925771 0.52579649 0.51916698 0.48729127 0.47584226 0.45827978 0.45720204 0.45336593 
0.50000000 0.50000000 0.50000000 0.50000000 0.50000000 0.50000000 0.50000000 0.50000000 0.50213087 0.50665902 0.50421274 0.50193411 0.50360964 0.50664706 0.51253972 0.51480263 0.51827049 0.51113571 0.51875913 0.50185087 0.47982723 0.48823453 0.46710318 0.48405120 
0.50000000 0.50000000 0.50000000 0.50000000 0.50000000 0.50000000 0.50000000 0.50000000 0.50000000 0.50000000 0.50000000 0.50000000 0.50000000 0.50000000 0.50000000 0.50000000 0.50000000 0.50156264 0.51312943 0.49710190 0.49048370 0.51175734 0.48796683 0.49973784 
0.50000000 0.50000000 0.50000000 0.50000000 0.50000000 0.50000000 0.50000000 0.50000000 0.50000000 0.50000000 0.50000000 0.50000000 0.50000000 0.50000000 0.50000000 0.50000000 0.50000000 0.50000000 0.50000000 0.50000000 0.50000000 0.50000000 0.50000000 0.50000000 
0.50000000 0.50000000 0.50000000 0.50000000 0.50000000 0.50000000 0.50000000 0.50000000 0.50000000 0.50000000 0.50000000 0.50000000 0.50000000 0.50000000 0.50000000 0.50000000 0.50000000 0.50000000 0.50000000 0.50000000 0.50000000 0.50000000 0.50000000 0.50000000 
0.50000000 0.50000000 0.50000000 0.50000000 0.50000000 0.50000000 0.50000000 0.50000000 0.50000000 0.50000000 0.50000000 0.50000000 0.50000000 0.50000000 0.50000000 0.50000000 0.50000000 0.50000000 0.50000000 0.50000000 0.50000000 0.50000000 0.50000000 0.50000000 

0.50000000 0.50000000 0.50000000 0.50000000 0.50000000 0.50000000 0.50000000 0.50000000 0.50000000 0.50000000 0.50000000 0.50000000 0.50000000 0.50000000 0.50000000 0.50000000 0.50000000 0.50000000 0.50000000 0.50000000 0.50000000 0.50000000 0.50000000 0.50000000 
0.50000000 0.50000000 0.50000000 0.50000000 0.50000000 0.50000000 0.50000000 0.50000000 0.50000000 0.50000000 0.50000000 0.50000000 0.50000000 0.50000000 0.50000000 0.50000000 0.50000000 0.50000000 0.50000000 0.50000000 0.50000000 0.50000000 0.50000000 0.50000000 
0.50000000 0.50000000 0.50000000 0.50000000 0.50000000 0.50000000 0.50000000 0.50000000 0.50000000 0.50000000 0.50000000 0.50000000 0.50000000 0.50000000 0.50000000 0.50000000 0.50000000 0.50000000 0.50000000 0.50000000 0.50000000 0.50000000 0.50000000 0.50000000 
0.50000000 0.50000000 0.50000000 0.50000000 0.50000000 0.50000000 0.50000000 0.50000000 0.50000000 0.50000000 0.50000000 0.50000000 0.50000000 0.50000000 0.50000000 0.50000000 0.50000000 0.50000000 0.50000000 0.50000000 0.50000000 0.50000000 0.50000000 0.50000000 
0.50000000 0.50000000 0.50000000 0.50000000 0.50000000 0.50000000 0.50000000 0.50000000 0.50000000 0.50000000 0.50000000 0.50000000 0.50000000 0.50000000 0.50000000 0.50000000 0.50000000 0.50000000 0.50000000 0.50000000 0.50000000 0.50000000 0.50000000 0.50000000 
0.50000000 0.50261488 0.51394031 0.53822819 0.55347529 0.55515290 0.54263484 0.52444931 0.52156661 0.52156661 0.52124035 0.50733398 0.48389734 0.46761833 0.46460753 0.48025126 0.49614831 0.50000000 0.50000000 0.50000000 0.50000000 0.50000000 0.50000000 0.50000000 
0.51943853 0.54689014 0.56006926 0.55303921 0.53678674 0.53843559 0.55042418 0.54742223 0.54646894 0.54646894 0.54682455 0.55490554 0.56226405 0.53843033 0.48344106 0.45446388 0.45643623 0.47882796 0.50000000 0.50000000 0.50000000 0.50000000 0.50000000 0.50000000 
0.51942218 0.53585307 0.55371805 0.56800526 0.52733419 0.53060571 0.55612590 0.57804172 0.59869642 0.61039445 0.62410671 0.62617864 0.63159235 0.63634456 0.58779866 0.52180058 0.46448354 0.45105509 0.49021135 0.50000000 0.50000000 0.50000000 0.50000000 0.50000000 
0.49914157 0.47574425 0.49365809 0.56231018 0.60219449 0.62161396 0.60761764 0.58049809 0.57373219 0.57078035 0.57373718 0.58699002 0.61620542 0.62758516 0.64331971 0.62965980 0.54016396 0.46383298 0.46406276 0.50000000 0.50000000 0.50000000 0.50000000 0.50000000 
0.49895804 0.48565766 0.54605915 0.61741306 0.60901902 0.58700999 0.57291706 0.54605779 0.53593197 0.52672597 0.52861595 0.51786758 0.53688308 0.58291577 0.60114580 0.62004444 0.55055577 0.48495180 0.46208625 0.50000000 0.50000000 0.50000000 0.50000000 0.50000000 
0.51903305 0.53867641 0.56616247 0.57883026 0.53640215 0.49383051 0.48249471 0.48779899 0.49977402 0.50811772 0.52172093 0.54706243 0.56295008 0.51805421 0.51241029 0.53978785 0.54436284 0.47097649 0.47984436 0.50000000 0.50000000 0.50000000 0.50000000 0.50000000 
0.52655831 0.54111782 0.51755141 0.52368021 0.48416520 0.48240511 0.49624242 0.49600283 0.51762123 0.54020283 0.56679039 0.57222903 0.55629017 0.55024348 0.52388485 0.55021301 0.54810020 0.45545995 0.47022849 0.50000000 0.50000000 0.50000000 0.50000000 0.50000000 
0.51136275 0.50521079 0.49162098 0.50551135 0.49734414 0.53375993 0.56059888 0.57361211 0.56149957 0.51787630 0.51153697 0.52617644 0.55948179 0.58937806 0.61629158 0.64406964 0.55660357 0.46181577 0.42593706 0.47900549 0.49083661 0.49720326 0.49967902 0.50000000 
0.50000000 0.50000000 0.50000000 0.50000000 0.50464791 0.52205323 0.53908081 0.57189830 0.59664487 0.55193369 0.54746245 0.55116867 0.62304998 0.68032673 0.66875086 0.64577266 0.56509568 0.52786072 0.48038292 0.48422808 0.45977837 0.45402319 0.47227494 0.49679024 
0.50000000 0.50000000 0.50000000 0.50000000 0.49691063 0.51133815 0.50214646 0.57237455 0.63538362 0.63089585 0.64675272 0.67763790 0.68097312 0.64950889 0.62392426 0.57760004 0.54897890 0.54967238 0.58028808 0.58996360 0.53303650 0.47640851 0.44726606 0.46736128 
0.50000000 0.50000000 0.50000000 0.50000000 0.50139372 0.48666169 0.47556399 0.55164311 0.62097684 0.61776269 0.62408620 0.62362056 0.61534032 0.61648816 0.57548894 0.58891645 0.61831268 0.59326895 0.60826613 0.59737504 0.60807362 0.56192128 0.49473686 0.47267744 
0.50000000 0.50000000 0.50000000 0.50000000 0.50207920 0.54231267 0.53666037 0.55307711 0.59632981 0.55733019 0.55607788 0.56688407 0.57706655 0.56462299 0.55175824 0.55369886 0.54904114 0.56593369 0.59440871 0.58632189 0.58182073 0.58166023 0.51792369 0.51216338 
0.50000000 0.50000000 0.50000000 0.50000000 0.50539803 0.53361500 0.54679403 0.54741737 0.56935595 0.50840842 0.50169568 0.51068798 0.51485945 0.51675373 0.50816016 0.51061791 0.51314413 0.53134560 0.52789932 0.51845328 0.56147156 0.54838585 0.47151685 0.47576949 
0.50000000 0.50000000 0.50000000 0.50000000 0.50000000 0.52625671 0.52750700 0.50508463 0.52872715 0.51415151 0.51333243 0.51407843 0.51092571 0.50221822 0.50711158 0.51528739 0.52925771 0.52579649 0.51916698 0.48729127 0.47584226 0.45827978 0.45720204 0.45336593 
0.50000000 0.50000000 0.50000000 0.50000000 0.50000000 0.50000000 0.50000000 0.50000000 0.50213087 0.50665902 0.50421274 0.50193411 0.50360964 0.50664706 0.51253972 0.51480263 0.51827049 0.51113571 0.51875913 0.50185087 0.47982723 0.48823453 0.46710318 0.48405120 
0.50000000 0.50000000 0.50000000 0.50000000 0.50000000 0.50000000 0.50000000 0.50000000 0.50000000 0.50000000 0.50000000 0.50000000 0.50000000 0.50000000 0.50000000 0.50000000 0.50000000 0.50156264 0.51312943 0.49710190 0.49048370 0.51175734 0.48796683 0.49973784 
0.50000000 0.50000000 0.50000000 0.50000000 0.50000000 0.50000000 0.50000000 0.50000000 0.50000000 0.50000000 0.50000000 0.50000000 0.50000000 0.50000000 0.50000000 0.50000000 0.50000000 0.50000000 0.50000000 0.50000000 0.50000000 0.50000000 0.50000000 0.50000000 
0.50000000 0.50000000 0.50000000 0.50000000 0.50000000 0.50000000 0.50000000 0.50000000 0.50000000 0.50000000 0.50000000 0.50000000 0.50000000 0.50000000 0.50000000 0.50000000 0.50000000 0.50000000 0.50000000 0.50000000 0.50000000 0.50000000 0.50000000 0.50000000 
0.50000000 0.50000000 0.50000000 0.50000000 0.50000000 0.50000000 0.50000000 0.50000000 0.50000000 0.50000000 0.50000000 0.50000000 0.50000000 0.50000000 0.50000000 0.50000000 0.50000000 0.50000000 0.50000000 0.50000000 0.50000000 0.50000000 0.50000000 0.50000000 


0.50000000 0.50000000 0.50000000 0.50000000 0.50000000 0.50000000 0.50000000 0.50000000 0.50000000 0.50000000 0.50000000 0.50000000 0.50000000 0.50000000 0.50000000 0.50000000 0.50000000 0.50000000 0.50000000 0.50000000 0.50000000 0.50000000 0.50000000 0.50000000 
0.50000000 0.50000000 0.50000000 0.50000000 0.50000000 0.50000000 0.50000000 0.50000000 0.50000000 0.50000000 0.50000000 0.50000000 0.50000000 0.50000000 0.50000000 0.50000000 0.50000000 0.50000000 0.50000000 0.50000000 0.50000000 0.50000000 0.50000000 0.50000000 
0.50000000 0.50000000 0.50000000 0.50000000 0.50000000 0.50000000 0.50000000 0.50000000 0.50000000 0.50000000 0.50000000 0.50000000 0.50000000 0.50000000 0.50000000 0.50000000 0.50000000 0.50000000 0.50000000 0.50000000 0.50000000 0.50000000 0.50000000 0.50000000 
0.50000000 0.50000000 0.50000000 0.50000000 0.50000000 0.50849761 0.51328207 0.53183033 0.53958415 0.53552406 0.53224392 0.50627300 0.48716302 0.47522834 0.47290285 0.48489734 0.49839510 0.50000000 0.50000000 0.50000000 0.50000000 0.50000000 0.50000000 0.50000000 
0.50000000 0.50000000 0.50670029 0.53050442 0.55023979 0.56071499 0.55557879 0.53264028 0.53092967 0.53081736 0.54676089 0.54720303 0.54961326 0.52044409 0.47508839 0.45238541 0.46270547 0.48684284 0.50000000 0.50000000 0.50000000 0.50000000 0.50000000 0.50000000 
0.53641326 0.55325333 0.55659941 0.53459961 0.52632818 0.52942781 0.52706382 0.52976281 0.51201210 0.52689783 0.55558547 0.59366822 0.62353320 0.64451569 0.61077414 0.52149801 0.46072948 0.44898665 0.47242370 0.50000000 0.50000000 0.50000000 0.50000000 0.50000000 
0.55441084 0.53083201 0.51931842 0.51062321 0.49320640 0.50987401 0.53883544 0.57319492 0.60538184 0.60515435 0.59303094 0.57194150 0.60011425 0.62470783 0.65886175 0.63060093 0.54819053 0.47540995 0.44913994 0.49342028 0.50000000 0.50000000 0.50000000 0.50000000 
0.55727427 0.51325180 0.51860151 0.53394213 0.57887490 0.62877490 0.63011363 0.60887670 0.60267801 0.56180842 0.56024907 0.51720076 0.48161124 0.54072468 0.58960809 0.62825354 0.61445432 0.52849419 0.46644902 0.47167976 0.50000000 0.50000000 0.50000000 0.50000000 
0.57268014 0.61961123 0.63741064 0.63723080 0.59065575 0.58348953 0.56419993 0.53325876 0.50530147 0.48218490 0.48348209 0.50158068 0.52483015 0.50696739 0.54742631 0.59740060 0.61494621 0.51719332 0.46931967 0.45956828 0.49679024 0.50000000 0.50000000 0.50000000 
0.59066855 0.58659266 0.60451999 0.54402520 0.50807616 0.48248521 0.47629171 0.46465103 0.47574963 0.48566824 0.50652139 0.55278464 0.57692862 0.58961682 0.56468064 0.56066244 0.57359120 0.55493140 0.46410031 0.45799181 0.48096567 0.50000000 0.50000000 0.50000000 
0.56129370 0.50252919 0.46541336 0.45263296 0.46068778 0.47758347 0.49275943 0.48551513 0.49654221 0.50815751 0.54340683 0.55341035 0.58302999 0.57842896 0.57800738 0.61393923 0.60259810 0.58662186 0.48544206 0.45113247 0.46553084 0.50000000 0.50000000 0.50000000 
0.52406962 0.47530990 0.48337133 0.49654760 0.47877805 0.50000000 0.50000000 0.50000000 0.51013136 0.53932528 0.54457400 0.55032539 0.52414454 0.58733034 0.64319858 0.66295945 0.66167569 0.57475961 0.53144882 0.45239444 0.46160115 0.50000000 0.50000000 0.50000000 
0.50000000 0.50000000 0.50000000 0.50000000 0.50000000 0.50000000 0.50000000 0.50000000 0.52383574 0.53610860 0.54555158 0.53594680 0.58366526 0.64407216 0.64710322 0.64213203 0.65182244 0.56694387 0.56090006 0.45745733 0.44977108 0.50000000 0.50000000 0.50000000 
0.50000000 0.50000000 0.50000000 0.50000000 0.50000000 0.50000000 0.50000000 0.51176489 0.53269319 0.53953962 0.55008140 0.62990046 0.64446043 0.63901506 0.57333355 0.61225030 0.61423486 0.55471579 0.56589593 0.47146985 0.43481546 0.50000000 0.50000000 0.50000000 
0.50000000 0.50000000 0.50000000 0.50000000 0.50000000 0.50000000 0.50000000 0.51780345 0.53653672 0.54582701 0.61696480 0.63905974 0.64533029 0.59685352 0.51669859 0.59766287 0.62496991 0.55718032 0.55391564 0.47642954 0.42581577 0.50000000 0.50000000 0.50000000 
0.50000000 0.50000000 0.50000000 0.50000000 0.50000000 0.50000000 0.50000000 0.51279172 0.53387089 0.58995487 0.65986981 0.63842504 0.61762869 0.51823828 0.53449599 0.61231677 0.65118208 0.56428401 0.54010104 0.48030461 0.42157218 0.50000000 0.50000000 0.50000000 
0.50000000 0.50000000 0.50000000 0.50000000 0.50000000 0.50000000 0.50000000 0.51552834 0.54475081 0.61279888 0.67447017 0.68668636 0.57596560 0.51301961 0.49627036 0.58798450 0.61930303 0.54726512 0.54508632 0.50137509 0.44105875 0.50000000 0.50000000 0.50000000 
0.50000000 0.50000000 0.50000000 0.50000000 0.50000000 0.50000000 0.50000000 0.51064329 0.54613545 0.60210364 0.66555932 0.65521233 0.58816053 0.54399135 0.53437256 0.59448680 0.59671160 0.51516662 0.52501889 0.48801700 0.46133626 0.50000000 0.50000000 0.50000000 
0.50000000 0.50000000 0.50000000 0.50000000 0.50000000 0.50000000 0.50000000 0.52065334 0.51486405 0.54209522 0.61201092 0.61365812 0.59329422 0.58023153 0.60585719 0.65768107 0.56909333 0.48701664 0.46800222 0.46024001 0.46039179 0.50000000 0.50000000 0.50000000 
0.50000000 0.50000000 0.50000000 0.50000000 0.50000000 0.50000000 0.50000000 0.52320841 0.54430847 0.52697652 0.53938929 0.53844349 0.59839394 0.60501876 0.60158267 0.59533273 0.49753277 0.45165164 0.46400766 0.48338181 0.47750568 0.50000000 0.50000000 0.50000000 
0.50000000 0.50000000 0.50000000 0.50000000 0.50000000 0.50000000 0.50000000 0.52126403 0.53963549 0.54151469 0.55300373 0.54403007 0.53184107 0.54957744 0.51180212 0.46881084 0.45485116 0.45137136 0.49196716 0.49760325 0.49606773 0.50000000 0.50000000 0.50000000 
0.50000000 0.50000000 0.50000000 0.50000000 0.50000000 0.50000000 0.50000000 0.50880674 0.52746224 0.52645263 0.52982670 0.54776537 0.53385488 0.48178865 0.44541954 0.45935401 0.47199239 0.48388294 0.50000000 0.50000000 0.50000000 0.50000000 0.50000000 0.50000000 
0.50000000 0.50000000 0.50000000 0.50000000 0.50000000 0.50000000 0.50000000 0.50000000 0.50284115 0.51550366 0.51684255 0.50810870 0.50254723 0.48774902 0.49356320 0.49021429 0.49082554 0.50000000 0.50000000 0.50000000 0.50000000 0.50000000 0.50000000 0.50000000 
0.50000000 0.50000000 0.50000000 0.50000000 0.50000000 0.50000000 0.50000000 0.50000000 0.50000000 0.50000000 0.50000000 0.50000000 0.50000000 0.50000000 0.50000000 0.50000000 0.50000000 0.50000000 0.50000000 0.50000000 0.50000000 0.50000000 0.50000000 0.50000000 

0.50000000 0.50000000 0.50000000 0.50000000 0.50000000 0.50000000 0.50000000 0.50000000 0.50000000 0.50000000 0.50000000 0.50000000 0.50000000 0.50000000 0.50000000 0.50000000 0.50000000 0.50000000 0.50000000 0.50000000 0.50000000 0.50000000 0.50000000 0.50000000 
0.50000000 0.50000000 0.50000000 0.50000000 0.50000000 0.50000000 0.50000000 0.50000000 0.50000000 0.50000000 0.50000000 0.50000000 0.50000000 0.50000000 0.50000000 0.50000000 0.50000000 0.50000000 0.50000000 0.50000000 0.50000000 0.50000000 0.50000000 0.50000000 
0.50000000 0.50000000 0.50000000 0.50000000 0.50000000 0.50000000 0.50000000 0.50000000 0.50000000 0.50000000 0.50000000 0.50000000 0.50000000 0.50000000 0.50000000 0.50000000 0.50000000 0.50000000 0.50000000 0.50000000 0.50000000 0.50000000 0.50000000 0.50000000 
0.50000000 0.50000000 0.50000000 0.50000000 0.50000000 0.50849761 0.51328207 0.53183033 0.53958415 0.53552406 0.53224392 0.50627300 0.48716302 0.47522834 0.47290285 0.48489734 0.49839510 0.50000000 0.50000000 0.50000000 0.50000000 0.50000000 0.50000000 0.50000000 
0.50000000 0.50000000 0.50670029 0.53050442 0.55023979 0.56071499 0.55557879 0.53264028 0.53092967 0.53081736 0.54676089 0.54720303 0.54961326 0.52044409 0.47508839 0.45238541 0.46270547 0.48684284 0.50000000 0.50000000 0.50000000 0.50000000 0.50000000 0.50000000 
0.53641326 0.55325333 0.55659941 0.53459961 0.52632818 0.52942781 0.52706382 0.52976281 0.51201210 0.52689783 0.55558547 0.59366822 0.62353320 0.64451569 0.61077414 0.52149801 0.46072948 0.44898665 0.47242370 0.50000000 0.50000000 0.50000000 0.50000000 0.50000000 
0.55441084 0.53083201 0.51931842 0.51062321 0.49320640 0.50987401 0.53883544 0.57319492 0.60538184 0.60515435 0.59303094 0.57194150 0.60011425 0.62470783 0.65886175 0.63060093 0.54819053 0.47540995 0.44913994 0.49342028 0.50000000 0.50000000 0.50000000 0.50000000 
0.55727427 0.51325180 0.51860151 0.53394213 0.57887490 0.62877490 0.63011363 0.60887670 0.60267801 0.56180842 0.56024907 0.51720076 0.48161124 0.54072468 0.58960809 0.62825354 0.61445432 0.52849419 0.46644902 0.47167976 0.50000000 0.50000000 0.50000000 0.50000000 
0.57268014 0.61961123 0.63741064 0.63723080 0.59065575 0.58348953 0.56419993 0.53325876 0.50530147 0.48218490 0.48348209 0.50158068 0.52483015 0.50696739 0.54742631 0.59740060 0.61494621 0.51719332 0.46931967 0.45956828 0.49679024 0.50000000 0.50000000 0.50000000 
0.59066855 0.58659266 0.60451999 0.54402520 0.50807616 0.48248521 0.47629171 0.46465103 0.47574963 0.48566824 0.50652139 0.55278464 0.57692862 0.58961682 0.56468064 0.56066244 0.57359120 0.55493140 0.46410031 0.45799181 0.48096567 0.50000000 0.50000000 0.50000000 
0.56129370 0.50252919 0.46541336 0.45263296 0.46068778 0.47758347 0.49275943 0.48551513 0.49654221 0.50815751 0.54340683 0.55341035 0.58302999 0.57842896 0.57800738 0.61393923 0.60259810 0.58662186 0.48544206 0.45113247 0.46553084 0.50000000 0.50000000 0.50000000 
0.52406962 0.47530990 0.48337133 0.49654760 0.47877805 0.50000000 0.50000000 0.50000000 0.51013136 0.53932528 0.54457400 0.55032539 0.52414454 0.58733034 0.64319858 0.66295945 0.66167569 0.57475961 0.53144882 0.45239444 0.46160115 0.50000000 0.50000000 0.50000000 
0.50000000 0.50000000 0.50000000 0.50000000 0.50000000 0.50000000 0.50000000 0.50000000 0.52383574 0.53610860 0.54555158 0.53594680 0.58366526 0.64407216 0.64710322 0.64213203 0.65182244 0.56694387 0.56090006 0.45745733 0.44977108 0.50000000 0.50000000 0.50000000 
0.50000000 0.50000000 0.50000000 0.50000000 0.50000000 0.50000000 0.50000000 0.51176489 0.53269319 0.53953962 0.55008140 0.62990046 0.64446043 0.63901506 0.57333355 0.61225030 0.61423486 0.55471579 0.56589593 0.47146985 0.43481546 0.50000000 0.50000000 0.50000000 
0.50000000 0.50000000 0.50000000 0.50000000 0.50000000 0.50000000 0.50000000 0.51780345 0.53653672 0.54582701 0.61696480 0.63905974 0.64533029 0.59685352 0.51669859 0.59766287 0.62496991 0.55718032 0.55391564 0.47642954 0.42581577 0.50000000 0.50000000 0.50000000 
0.50000000 0.50000000 0.50000000 0.50000000 0.50000000 0.50000000 0.50000000 0.51279172 0.53387089 0.58995487 0.65986981 0.63842504 0.61762869 0.51823828 0.53449599 0.61231677 0.65118208 0.56428401 0.54010104 0.48030461 0.42157218 0.50000000 0.50000000 0.50000000 
0.50000000 0.50000000 0.50000000 0.50000000 0.50000000 0.50000000 0.50000000 0.51552834 0.54475081 0.61279888 0.67447017 0.68668636 0.57596560 0.51301961 0.49627036 0.58798450 0.61930303 0.54726512 0.54508632 0.50137509 0.44105875 0.50000000 0.50000000 0.50000000 
0.50000000 0.50000000 0.50000000 0.50000000 0.50000000 0.50000000 0.50000000 0.51064329 0.54613545 0.60210364 0.66555932 0.65521233 0.58816053 0.54399135 0.53437256 0.59448680 0.59671160 0.51516662 0.52501889 0.48801700 0.46133626 0.50000000 0.50000000 0.50000000 
0.50000000 0.50000000 0.50000000 0.50000000 0.50000000 0.50000000 0.50000000 0.52065334 0.51486405 0.54209522 0.61201092 0.61365812 0.59329422 0.58023153 0.60585719 0.65768107 0.56909333 0.48701664 0.46800222 0.46024001 0.46039179 0.50000000 0.50000000 0.50000000 
0.50000000 0.50000000 0.50000000 0.50000000 0.50000000 0.50000000 0.50000000 0.52320841 0.54430847 0.52697652 0.53938929 0.53844349 0.59839394 0.60501876 0.60158267 0.59533273 0.49753277 0.45165164 0.46400766 0.48338181 0.47750568 0.50000000 0.50000000 0.50000000 
0.50000000 0.50000000 0.50000000 0.50000000 0.50000000 0.50000000 0.50000000 0.52126403 0.53963549 0.54151469 0.55300373 0.54403007 0.53184107 0.54957744 0.51180212 0.46881084 0.45485116 0.45137136 0.49196716 0.49760325 0.49606773 0.50000000 0.50000000 0.50000000 
0.50000000 0.50000000 0.50000000 0.50000000 0.50000000 0.50000000 0.50000000 0.50880674 0.52746224 0.52645263 0.52982670 0.54776537 0.53385488 0.48178865 0.44541954 0.45935401 0.47199239 0.48388294 0.50000000 0.50000000 0.50000000 0.50000000 0.50000000 0.50000000 
0.50000000 0.50000000 0.50000000 0.50000000 0.50000000 0.50000000 0.50000000 0.50000000 0.50284115 0.51550366 0.51684255 0.50810870 0.50254723 0.48774902 0.49356320 0.49021429 0.49082554 0.50000000 0.50000000 0.50000000 0.50000000 0.50000000 0.50000000 0.50000000 
0.50000000 0.50000000 0.50000000 0.50000000 0.50000000 0.50000000 0.50000000 0.50000000 0.50000000 0.50000000 0.50000000 0.50000000 0.50000000 0.50000000 0.50000000 0.50000000 0.50000000 0.50000000 0.50000000 0.50000000 0.50000000 0.50000000 0.50000000 0.50000000 

0.50000000 0.50000000 0.50000000 0.50000000 0.50000000 0.50000000 0.50000000 0.50000000 0.50000000 0.50000000 0.50000000 0.50000000 0.50000000 0.50000000 0.50000000 0.50000000 0.50000000 0.50000000 0.50000000 0.50000000 0.50000000 0.50000000 0.50000000 0.50000000 
0.50000000 0.50000000 0.50000000 0.50000000 0.50000000 0.50000000 0.50000000 0.50000000 0.50000000 0.50000000 0.50000000 0.50000000 0.50000000 0.50000000 0.50000000 0.50000000 0.50000000 0.50000000 0.50000000 0.50000000 0.50000000 0.50000000 0.50000000 0.50000000 
0.50000000 0.50000000 0.50000000 0.50000000 0.50000000 0.50000000 0.50000000 0.50000000 0.50000000 0.50000000 0.50000000 0.50000000 0.50000000 0.50000000 0.50000000 0.50000000 0.50000000 0.50000000 0.50000000 0.50000000 0.50000000 0.50000000 0.50000000 0.50000000 
0.50000000 0.50000000 0.50000000 0.50000000 0.50000000 0.50849761 0.51328207 0.53183033 0.53958415 0.53552406 0.53224392 0.50627300 0.48716302 0.47522834 0.47290285 0.48489734 0.49839510 0.50000000 0.50000000 0.50000000 0.50000000 0.50000000 0.50000000 0.50000000 
0.50000000 0.50000000 0.50670029 0.53050442 0.55023979 0.56071499 0.55557879 0.53264028 0.53092967 0.53081736 0.54676089 0.54720303 0.54961326 0.52044409 0.47508839 0.45238541 0.46270547 0.48684284 0.50000000 0.50000000 0.50000000 0.50000000 0.50000000 0.50000000 
0.53641326 0.55325333 0.55659941 0.53459961 0.52632818 0.52942781 0.52706382 0.52976281 0.51201210 0.52689783 0.55558547 0.59366822 0.62353320 0.64451569 0.61077414 0.52149801 0.46072948 0.44898665 0.47242370 0.50000000 0.50000000 0.50000000 0.50000000 0.50000000 
0.55441084 0.53083201 0.51931842 0.51062321 0.49320640 0.50987401 0.53883544 0.57319492 0.60538184 0.60515435 0.59303094 0.57194150 0.60011425 0.62470783 0.65886175 0.63060093 0.54819053 0.47540995 0.44913994 0.49342028 0.50000000 0.50000000 0.50000000 0.50000000 
0.55727427 0.51325180 0.51860151 0.53394213 0.57887490 0.62877490 0.63011363 0.60887670 0.60267801 0.56180842 0.56024907 0.51720076 0.48161124 0.54072468 0.58960809 0.62825354 0.61445432 0.52849419 0.46644902 0.47167976 0.50000000 0.50000000 0.50000000 0.50000000 
0.57268014 0.61961123 0.63741064 0.63723080 0.59065575 0.58348953 0.56419993 0.53325876 0.50530147 0.48218490 0.48348209 0.50158068 0.52483015 0.50696739 0.54742631 0.59740060 0.61494621 0.51719332 0.46931967 0.45956828 0.49679024 0.50000000 0.50000000 0.50000000 
0.59066855 0.58659266 0.60451999 0.54402520 0.50807616 0.48248521 0.47629171 0.46465103 0.47574963 0.48566824 0.50652139 0.55278464 0.57692862 0.58961682 0.56468064 0.56066244 0.57359120 0.55493140 0.46410031 0.45799181 0.48096567 0.50000000 0.50000000 0.50000000 
0.56129370 0.50252919 0.46541336 0.45263296 0.46068778 0.47758347 0.49275943 0.48551513 0.49654221 0.50815751 0.54340683 0.55341035 0.58302999 0.57842896 0.57800738 0.61393923 0.60259810 0.58662186 0.48544206 0.45113247 0.46553084 0.50000000 0.50000000 0.50000000 
0.52406962 0.47530990 0.48337133 0.49654760 0.47877805 0.50000000 0.50000000 0.50000000 0.51013136 0.53932528 0.54457400 0.55032539 0.52414454 0.58733034 0.64319858 0.66295945 0.66167569 0.57475961 0.53144882 0.45239444 0.46160115 0.50000000 0.50000000 0.50000000 
0.50000000 0.50000000 0.50000000 0.50000000 0.50000000 0.50000000 0.50000000 0.50000000 0.52383574 0.53610860 0.54555158 0.53594680 0.58366526 0.64407216 0.64710322 0.64213203 0.65182244 0.56694387 0.56090006 0.45745733 0.44977108 0.50000000 0.50000000 0.50000000 
0.50000000 0.50000000 0.50000000 0.50000000 0.50000000 0.50000000 0.50000000 0.51176489 0.53269319 0.53953962 0.55008140 0.62990046 0.64446043 0.63901506 0.57333355 0.61225030 0.61423486 0.55471579 0.56589593 0.47146985 0.43481546 0.50000000 0.50000000 0.50000000 
0.50000000 0.50000000 0.50000000 0.50000000 0.50000000 0.50000000 0.50000000 0.51780345 0.53653672 0.54582701 0.61696480 0.63905974 0.64533029 0.59685352 0.51669859 0.59766287 0.62496991 0.55718032 0.55391564 0.47642954 0.42581577 0.50000000 0.50000000 0.50000000 
0.50000000 0.50000000 0.50000000 0.50000000 0.50000000 0.50000000 0.50000000 0.51279172 0.53387089 0.58995487 0.65986981 0.63842504 0.61762869 0.51823828 0.53449599 0.61231677 0.65118208 0.56428401 0.54010104 0.48030461 0.42157218 0.50000000 0.50000000 0.50000000 
0.50000000 0.50000000 0.50000000 0.50000000 0.50000000 0.50000000 0.50000000 0.51552834 0.54475081 0.61279888 0.67447017 0.68668636 0.57596560 0.51301961 0.49627036 0.58798450 0.61930303 0.54726512 0.54508632 0.50137509 0.44105875 0.50000000 0.50000000 0.50000000 
0.50000000 0.50000000 0.50000000 0.50000000 0.50000000 0.50000000 0.50000000 0.51064329 0.54613545 0.60210364 0.66555932 0.65521233 0.58816053 0.54399135 0.53437256 0.59448680 0.59671160 0.51516662 0.52501889 0.48801700 0.46133626 0.50000000 0.50000000 0.50000000 
0.50000000 0.50000000 0.50000000 0.50000000 0.50000000 0.50000000 0.50000000 0.52065334 0.51486405 0.54209522 0.61201092 0.61365812 0.59329422 0.58023153 0.60585719 0.65768107 0.56909333 0.48701664 0.46800222 0.46024001 0.46039179 0.50000000 0.50000000 0.50000000 
0.50000000 0.50000000 0.50000000 0.50000000 0.50000000 0.50000000 0.50000000 0.52320841 0.54430847 0.52697652 0.53938929 0.53844349 0.59839394 0.60501876 0.60158267 0.59533273 0.49753277 0.45165164 0.46400766 0.48338181 0.47750568 0.50000000 0.50000000 0.50000000 
0.50000000 0.50000000 0.50000000 0.50000000 0.50000000 0.50000000 0.50000000 0.52126403 0.53963549 0.54151469 0.55300373 0.54403007 0.53184107 0.54957744 0.51180212 0.46881084 0.45485116 0.45137136 0.49196716 0.49760325 0.49606773 0.50000000 0.50000000 0.50000000 
0.50000000 0.50000000 0.50000000 0.50000000 0.50000000 0.50000000 0.50000000 0.50880674 0.52746224 0.52645263 0.52982670 0.54776537 0.53385488 0.48178865 0.44541954 0.45935401 0.47199239 0.48388294 0.50000000 0.50000000 0.50000000 0.50000000 0.50000000 0.50000000 
0.50000000 0.50000000 0.50000000 0.50000000 0.50000000 0.50000000 0.50000000 0.50000000 0.50284115 0.51550366 0.51684255 0.50810870 0.50254723 0.48774902 0.49356320 0.49021429 0.49082554 0.50000000 0.50000000 0.50000000 0.50000000 0.50000000 0.50000000 0.50000000 
0.50000000 0.50000000 0.50000000 0.50000000 0.50000000 0.50000000 0.50000000 0.50000000 0.50000000 0.50000000 0.50000000 0.50000000 0.50000000 0.50000000 0.50000000 0.50000000 0.50000000 0.50000000 0.50000000 0.50000000 0.50000000 0.50000000 0.50000000 0.50000000 

0.50000000 0.50000000 0.50000000 0.50000000 0.50000000 0.50000000 0.50000000 0.50000000 0.50000000 0.50000000 0.50000000 0.50000000 0.50000000 0.50000000 0.50000000 0.50000000 0.50000000 0.50000000 0.50000000 0.50000000 0.50000000 0.50000000 0.50000000 0.50000000 
0.50000000 0.50000000 0.50000000 0.50000000 0.50000000 0.50000000 0.50000000 0.50000000 0.50000000 0.50000000 0.50000000 0.50000000 0.50000000 0.50000000 0.50000000 0.50000000 0.50000000 0.50000000 0.50000000 0.50000000 0.50000000 0.50000000 0.50000000 0.50000000 
0.50000000 0.50000000 0.50000000 0.50000000 0.50000000 0.50000000 0.50000000 0.50000000 0.50000000 0.50000000 0.50000000 0.50000000 0.50000000 0.50000000 0.50000000 0.50000000 0.50000000 0.50000000 0.50000000 0.50000000 0.50000000 0.50000000 0.50000000 0.50000000 
0.50000000 0.50000000 0.50000000 0.50000000 0.50000000 0.50849761 0.51328207 0.53183033 0.53958415 0.53552406 0.53224392 0.50627300 0.48716302 0.47522834 0.47290285 0.48489734 0.49839510 0.50000000 0.50000000 0.50000000 0.50000000 0.50000000 0.50000000 0.50000000 
0.50000000 0.50000000 0.50670029 0.53050442 0.55023979 0.56071499 0.55557879 0.53264028 0.53092967 0.53081736 0.54676089 0.54720303 0.54961326 0.52044409 0.47508839 0.45238541 0.46270547 0.48684284 0.50000000 0.50000000 0.50000000 0.50000000 0.50000000 0.50000000 
0.53641326 0.55325333 0.55659941 0.53459961 0.52632818 0.52942781 0.52706382 0.52976281 0.51201210 0.52689783 0.55558547 0.59366822 0.62353320 0.64451569 0.61077414 0.52149801 0.46072948 0.44898665 0.47242370 0.50000000 0.50000000 0.50000000 0.50000000 0.50000000 
0.55441084 0.53083201 0.51931842 0.51062321 0.49320640 0.50987401 0.53883544 0.57319492 0.60538184 0.60515435 0.59303094 0.57194150 0.60011425 0.62470783 0.65886175 0.63060093 0.54819053 0.47540995 0.44913994 0.49342028 0.50000000 0.50000000 0.50000000 0.50000000 
0.55727427 0.51325180 0.51860151 0.53394213 0.57887490 0.62877490 0.63011363 0.60887670 0.60267801 0.56180842 0.56024907 0.51720076 0.48161124 0.54072468 0.58960809 0.62825354 0.61445432 0.52849419 0.46644902 0.47167976 0.50000000 0.50000000 0.50000000 0.50000000 
0.57268014 0.61961123 0.63741064 0.63723080 0.59065575 0.58348953 0.56419993 0.53325876 0.50530147 0.48218490 0.48348209 0.50158068 0.52483015 0.50696739 0.54742631 0.59740060 0.61494621 0.51719332 0.46931967 0.45956828 0.49679024 0.50000000 0.50000000 0.50000000 
0.59066855 0.58659266 0.60451999 0.54402520 0.50807616 0.48248521 0.47629171 0.46465103 0.47574963 0.48566824 0.50652139 0.55278464 0.57692862 0.58961682 0.56468064 0.56066244 0.57359120 0.55493140 0.46410031 0.45799181 0.48096567 0.50000000 0.50000000 0.50000000 
0.56129370 0.50252919 0.46541336 0.45263296 0.46068778 0.47758347 0.49275943 0.48551513 0.49654221 0.50815751 0.54340683 0.55341035 0.58302999 0.57842896 0.57800738 0.61393923 0.60259810 0.58662186 0.48544206 0.45113247 0.46553084 0.50000000 0.50000000 0.50000000 
0.52406962 0.47530990 0.48337133 0.49654760 0.47877805 0.50000000 0.50000000 0.50000000 0.51013136 0.53932528 0.54457400 0.55032539 0.52414454 0.58733034 0.64319858 0.66295945 0.66167569 0.57475961 0.53144882 0.45239444 0.46160115 0.50000000 0.50000000 0.50000000 
0.50000000 0.50000000 0.50000000 0.50000000 0.50000000 0.50000000 0.50000000 0.50000000 0.52383574 0.53610860 0.54555158 0.53594680 0.58366526 0.64407216 0.64710322 0.64213203 0.65182244 0.56694387 0.56090006 0.45745733 0.44977108 0.50000000 0.50000000 0.50000000 
0.50000000 0.50000000 0.50000000 0.50000000 0.50000000 0.50000000 0.50000000 0.51176489 0.53269319 0.53953962 0.55008140 0.62990046 0.64446043 0.63901506 0.57333355 0.61225030 0.61423486 0.55471579 0.56589593 0.47146985 0.43481546 0.50000000 0.50000000 0.50000000 
0.50000000 0.50000000 0.50000000 0.50000000 0.50000000 0.50000000 0.50000000 0.51780345 0.53653672 0.54582701 0.61696480 0.63905974 0.64533029 0.59685352 0.51669859 0.59766287 0.62496991 0.55718032 0.55391564 0.47642954 0.42581577 0.50000000 0.50000000 0.50000000 
0.50000000 0.50000000 0.50000000 0.50000000 0.50000000 0.50000000 0.50000000 0.51279172 0.53387089 0.58995487 0.65986981 0.63842504 0.61762869 0.51823828 0.53449599 0.61231677 0.65118208 0.56428401 0.54010104 0.48030461 0.42157218 0.50000000 0.50000000 0.50000000 
0.50000000 0.50000000 0.50000000 0.50000000 0.50000000 0.50000000 0.50000000 0.51552834 0.54475081 0.61279888 0.67447017 0.68668636 0.57596560 0.51301961 0.49627036 0.58798450 0.61930303 0.54726512 0.54508632 0.50137509 0.44105875 0.50000000 0.50000000 0.50000000 
0.50000000 0.50000000 0.50000000 0.50000000 0.50000000 0.50000000 0.50000000 0.51064329 0.54613545 0.60210364 0.66555932 0.65521233 0.58816053 0.54399135 0.53437256 0.59448680 0.59671160 0.51516662 0.52501889 0.48801700 0.46133626 0.50000000 0.50000000 0.50000000 
0.50000000 0.50000000 0.50000000 0.50000000 0.50000000 0.50000000 0.50000000 0.52065334 0.51486405 0.54209522 0.61201092 0.61365812 0.59329422 0.58023153 0.60585719 0.65768107 0.56909333 0.48701664 0.46800222 0.46024001 0.46039179 0.50000000 0.50000000 0.50000000 
0.50000000 0.50000000 0.50000000 0.50000000 0.50000000 0.50000000 0.50000000 0.52320841 0.54430847 0.52697652 0.53938929 0.53844349 0.59839394 0.60501876 0.60158267 0.59533273 0.49753277 0.45165164 0.46400766 0.48338181 0.47750568 0.50000000 0.50000000 0.50000000 
0.50000000 0.50000000 0.50000000 0.50000000 0.50000000 0.50000000 0.50000000 0.52126403 0.53963549 0.54151469 0.55300373 0.54403007 0.53184107 0.54957744 0.51180212 0.46881084 0.45485116 0.45137136 0.49196716 0.49760325 0.49606773 0.50000000 0.50000000 0.50000000 
0.50000000 0.50000000 0.50000000 0.50000000 0.50000000 0.50000000 0.50000000 0.50880674 0.52746224 0.52645263 0.52982670 0.54776537 0.53385488 0.48178865 0.44541954 0.45935401 0.47199239 0.48388294 0.50000000 0.50000000 0.50000000 0.50000000 0.50000000 0.50000000 
0.50000000 0.50000000 0.50000000 0.50000000 0.50000000 0.50000000 0.50000000 0.50000000 0.50284115 0.51550366 0.51684255 0.50810870 0.50254723 0.48774902 0.49356320 0.49021429 0.49082554 0.50000000 0.50000000 0.50000000 0.50000000 0.50000000 0.50000000 0.50000000 
0.50000000 0.50000000 0.50000000 0.50000000 0.50000000 0.50000000 0.50000000 0.50000000 0.50000000 0.50000000 0.50000000 0.50000000 0.50000000 0.50000000 0.50000000 0.50000000 0.50000000 0.50000000 0.50000000 0.50000000 0.50000000 0.50000000 0.50000000 0.50000000 

0.50000000 0.50000000 0.50000000 0.50000000 0.50000000 0.50000000 0.50000000 0.50000000 0.50000000 0.50000000 0.50000000 0.50000000 0.50000000 0.50000000 0.50000000 0.50000000 0.50000000 0.50000000 0.50000000 0.50000000 0.50000000 0.50000000 0.50000000 0.50000000 
0.50000000 0.50000000 0.50000000 0.50000000 0.50000000 0.50000000 0.50000000 0.50000000 0.50000000 0.50000000 0.50000000 0.50000000 0.50000000 0.50000000 0.50000000 0.50000000 0.50000000 0.50000000 0.50000000 0.50000000 0.50000000 0.50000000 0.50000000 0.50000000 
0.50000000 0.50000000 0.50000000 0.50000000 0.50000000 0.50000000 0.50000000 0.50000000 0.50000000 0.50000000 0.50000000 0.50000000 0.50000000 0.50000000 0.50000000 0.50000000 0.50000000 0.50000000 0.50000000 0.50000000 0.50000000 0.50000000 0.50000000 0.50000000 
0.50000000 0.50000000 0.50000000 0.50000000 0.50000000 0.50849761 0.51328207 0.53183033 0.53958415 0.53552406 0.53224392 0.50627300 0.48716302 0.47522834 0.47290285 0.48489734 0.49839510 0.50000000 0.50000000 0.50000000 0.50000000 0.50000000 0.50000000 0.50000000 
0.50000000 0.50000000 0.50670029 0.53050442 0.55023979 0.56071499 0.55557879 0.53264028 0.53092967 0.53081736 0.54676089 0.54720303 0.54961326 0.52044409 0.47508839 0.45238541 0.46270547 0.48684284 0.50000000 0.50000000 0.50000000 0.50000000 0.50000000 0.50000000 
0.53641326 0.55325333 0.55659941 0.53459961 0.52632818 0.52942781 0.52706382 0.52976281 0.51201210 0.52689783 0.55558547 0.59366822 0.62353320 0.64451569 0.61077414 0.52149801 0.46072948 0.44898665 0.47242370 0.50000000 0.50000000 0.50000000 0.50000000 0.50000000 
0.55441084 0.53083201 0.51931842 0.51062321 0.49320640 0.50987401 0.53883544 0.57319492 0.60538184 0.60515435 0.59303094 0.57194150 0.60011425 0.62470783 0.65886175 0.63060093 0.54819053 0.47540995 0.44913994 0.49342028 0.50000000 0.50000000 0.50000000 0.50000000 
0.55727427 0.51325180 0.51860151 0.53394213 0.57887490 0.62877490 0.63011363 0.60887670 0.60267801 0.56180842 0.56024907 0.51720076 0.48161124 0.54072468 0.58960809 0.62825354 0.61445432 0.52849419 0.46644902 0.47167976 0.50000000 0.50000000 0.50000000 0.50000000 
0.57268014 0.61961123 0.63741064 0.63723080 0.59065575 0.58348953 0.56419993 0.53325876 0.50530147 0.48218490 0.48348209 0.50158068 0.52483015 0.50696739 0.54742631 0.59740060 0.61494621 0.51719332 0.46931967 0.45956828 0.49679024 0.50000000 0.50000000 0.50000000 
0.59066855 0.58659266 0.60451999 0.54402520 0.50807616 0.48248521 0.47629171 0.46465103 0.47574963 0.48566824 0.50652139 0.55278464 0.57692862 0.58961682 0.56468064 0.56066244 0.57359120 0.55493140 0.46410031 0.45799181 0.48096567 0.50000000 0.50000000 0.50000000 
0.56129370 0.50252919 0.46541336 0.45263296 0.46068778 0.47758347 0.49275943 0.48551513 0.49654221 0.50815751 0.54340683 0.55341035 0.58302999 0.57842896 0.57800738 0.61393923 0.60259810 0.58662186 0.48544206 0.45113247 0.46553084 0.50000000 0.50000000 0.50000000 
0.52406962 0.47530990 0.48337133 0.49654760 0.47877805 0.50000000 0.50000000 0.50000000 0.51013136 0.53932528 0.54457400 0.55032539 0.52414454 0.58733034 0.64319858 0.66295945 0.66167569 0.57475961 0.53144882 0.45239444 0.46160115 0.50000000 0.50000000 0.50000000 
0.50000000 0.50000000 0.50000000 0.50000000 0.50000000 0.50000000 0.50000000 0.50000000 0.52383574 0.53610860 0.54555158 0.53594680 0.58366526 0.64407216 0.64710322 0.64213203 0.65182244 0.56694387 0.56090006 0.45745733 0.44977108 0.50000000 0.50000000 0.50000000 
0.50000000 0.50000000 0.50000000 0.50000000 0.50000000 0.50000000 0.50000000 0.51176489 0.53269319 0.53953962 0.55008140 0.62990046 0.64446043 0.63901506 0.57333355 0.61225030 0.61423486 0.55471579 0.56589593 0.47146985 0.43481546 0.50000000 0.50000000 0.50000000 
0.50000000 0.50000000 0.50000000 0.50000000 0.50000000 0.50000000 0.50000000 0.51780345 0.53653672 0.54582701 0.61696480 0.63905974 0.64533029 0.59685352 0.51669859 0.59766287 0.62496991 0.55718032 0.55391564 0.47642954 0.42581577 0.50000000 0.50000000 0.50000000 
0.50000000 0.50000000 0.50000000 0.50000000 0.50000000 0.50000000 0.50000000 0.51279172 0.53387089 0.58995487 0.65986981 0.63842504 0.61762869 0.51823828 0.53449599 0.61231677 0.65118208 0.56428401 0.54010104 0.48030461 0.42157218 0.50000000 0.50000000 0.50000000 
0.50000000 0.50000000 0.50000000 0.50000000 0.50000000 0.50000000 0.50000000 0.51552834 0.54475081 0.61279888 0.67447017 0.68668636 0.57596560 0.51301961 0.49627036 0.58798450 0.61930303 0.54726512 0.54508632 0.50137509 0.44105875 0.50000000 0.50000000 0.50000000 
0.50000000 0.50000000 0.50000000 0.50000000 0.50000000 0.50000000 0.50000000 0.51064329 0.54613545 0.60210364 0.66555932 0.65521233 0.58816053 0.54399135 0.53437256 0.59448680 0.59671160 0.51516662 0.52501889 0.48801700 0.46133626 0.50000000 0.50000000 0.50000000 
0.50000000 0.50000000 0.50000000 0.50000000 0.50000000 0.50000000 0.50000000 0.52065334 0.51486405 0.54209522 0.61201092 0.61365812 0.59329422 0.58023153 0.60585719 0.65768107 0.56909333 0.48701664 0.46800222 0.46024001 0.46039179 0.50000000 0.50000000 0.50000000 
0.50000000 0.50000000 0.50000000 0.50000000 0.50000000 0.50000000 0.50000000 0.52320841 0.54430847 0.52697652 0.53938929 0.53844349 0.59839394 0.60501876 0.60158267 0.59533273 0.49753277 0.45165164 0.46400766 0.48338181 0.47750568 0.50000000 0.50000000 0.50000000 
0.50000000 0.50000000 0.50000000 0.50000000 0.50000000 0.50000000 0.50000000 0.52126403 0.53963549 0.54151469 0.55300373 0.54403007 0.53184107 0.54957744 0.51180212 0.46881084 0.45485116 0.45137136 0.49196716 0.49760325 0.49606773 0.50000000 0.50000000 0.50000000 
0.50000000 0.50000000 0.50000000 0.50000000 0.50000000 0.50000000 0.50000000 0.50880674 0.52746224 0.52645263 0.52982670 0.54776537 0.53385488 0.48178865 0.44541954 0.45935401 0.47199239 0.48388294 0.50000000 0.50000000 0.50000000 0.50000000 0.50000000 0.50000000 
0.50000000 0.50000000 0.50000000 0.50000000 0.50000000 0.50000000 0.50000000 0.50000000 0.50284115 0.51550366 0.51684255 0.50810870 0.50254723 0.48774902 0.49356320 0.49021429 0.49082554 0.50000000 0.50000000 0.50000000 0.50000000 0.50000000 0.50000000 0.50000000 
0.50000000 0.50000000 0.50000000 0.50000000 0.50000000 0.50000000 0.50000000 0.50000000 0.50000000 0.50000000 0.50000000 0.50000000 0.50000000 0.50000000 0.50000000 0.50000000 0.50000000 0.50000000 0.50000000 0.50000000 0.50000000 0.50000000 0.50000000 0.50000000 

0.50000000 0.50000000 0.50000000 0.50000000 0.50000000 0.50000000 0.50000000 0.50000000 0.50000000 0.50000000 0.50000000 0.50000000 0.50000000 0.50000000 0.50000000 0.50000000 0.50000000 0.50000000 0.50000000 0.50000000 0.50000000 0.50000000 0.50000000 0.50000000 
0.50000000 0.50000000 0.50000000 0.50000000 0.50000000 0.50000000 0.50000000 0.50000000 0.50000000 0.50000000 0.50000000 0.50000000 0.50000000 0.50000000 0.50000000 0.50000000 0.50000000 0.50000000 0.50000000 0.50000000 0.50000000 0.50000000 0.50000000 0.50000000 
0.50000000 0.50000000 0.50000000 0.50000000 0.50000000 0.50000000 0.50000000 0.50000000 0.50000000 0.50000000 0.50000000 0.50000000 0.50000000 0.50000000 0.50000000 0.50000000 0.50000000 0.50000000 0.50000000 0.50000000 0.50000000 0.50000000 0.50000000 0.50000000 
0.50000000 0.50000000 0.50000000 0.50000000 0.50000000 0.50849761 0.51328207 0.53183033 0.53958415 0.53552406 0.53224392 0.50627300 0.48716302 0.47522834 0.47290285 0.48489734 0.49839510 0.50000000 0.50000000 0.50000000 0.50000000 0.50000000 0.50000000 0.50000000 
0.50000000 0.50000000 0.50670029 0.53050442 0.55023979 0.56071499 0.55557879 0.53264028 0.53092967 0.53081736 0.54676089 0.54720303 0.54961326 0.52044409 0.47508839 0.45238541 0.46270547 0.48684284 0.50000000 0.50000000 0.50000000 0.50000000 0.50000000 0.50000000 
0.53641326 0.55325333 0.55659941 0.53459961 0.52632818 0.52942781 0.52706382 0.52976281 0.51201210 0.52689783 0.55558547 0.59366822 0.62353320 0.64451569 0.61077414 0.52149801 0.46072948 0.44898665 0.47242370 0.50000000 0.50000000 0.50000000 0.50000000 0.50000000 
0.55441084 0.53083201 0.51931842 0.51062321 0.49320640 0.50987401 0.53883544 0.57319492 0.60538184 0.60515435 0.59303094 0.57194150 0.60011425 0.62470783 0.65886175 0.63060093 0.54819053 0.47540995 0.44913994 0.49342028 0.50000000 0.50000000 0.50000000 0.50000000 
0.55727427 0.51325180 0.51860151 0.53394213 0.57887490 0.62877490 0.63011363 0.60887670 0.60267801 0.56180842 0.56024907 0.51720076 0.48161124 0.54072468 0.58960809 0.62825354 0.61445432 0.52849419 0.46644902 0.47167976 0.50000000 0.50000000 0.50000000 0.50000000 
0.57268014 0.61961123 0.63741064 0.63723080 0.59065575 0.58348953 0.56419993 0.53325876 0.50530147 0.48218490 0.48348209 0.50158068 0.52483015 0.50696739 0.54742631 0.59740060 0.61494621 0.51719332 0.46931967 0.45956828 0.49679024 0.50000000 0.50000000 0.50000000 
0.59066855 0.58659266 0.60451999 0.54402520 0.50807616 0.48248521 0.47629171 0.46465103 0.47574963 0.48566824 0.50652139 0.55278464 0.57692862 0.58961682 0.56468064 0.56066244 0.57359120 0.55493140 0.46410031 0.45799181 0.48096567 0.50000000 0.50000000 0.50000000 
0.56129370 0.50252919 0.46541336 0.45263296 0.46068778 0.47758347 0.49275943 0.48551513 0.49654221 0.50815751 0.54340683 0.55341035 0.58302999 0.57842896 0.57800738 0.61393923 0.60259810 0.58662186 0.48544206 0.45113247 0.46553084 0.50000000 0.50000000 0.50000000 
0.52406962 0.47530990 0.48337133 0.49654760 0.47877805 0.50000000 0.50000000 0.50000000 0.51013136 0.53932528 0.54457400 0.55032539 0.52414454 0.58733034 0.64319858 0.66295945 0.66167569 0.57475961 0.53144882 0.45239444 0.46160115 0.50000000 0.50000000 0.50000000 
0.50000000 0.50000000 0.50000000 0.50000000 0.50000000 0.50000000 0.50000000 0.50000000 0.52383574 0.53610860 0.54555158 0.53594680 0.58366526 0.64407216 0.64710322 0.64213203 0.65182244 0.56694387 0.56090006 0.45745733 0.44977108 0.50000000 0.50000000 0.50000000 
0.50000000 0.50000000 0.50000000 0.50000000 0.50000000 0.50000000 0.50000000 0.51176489 0.53269319 0.53953962 0.55008140 0.62990046 0.64446043 0.63901506 0.57333355 0.61225030 0.61423486 0.55471579 0.56589593 0.47146985 0.43481546 0.50000000 0.50000000 0.50000000 
0.50000000 0.50000000 0.50000000 0.50000000 0.50000000 0.50000000 0.50000000 0.51780345 0.53653672 0.54582701 0.61696480 0.63905974 0.64533029 0.59685352 0.51669859 0.59766287 0.62496991 0.55718032 0.55391564 0.47642954 0.42581577 0.50000000 0.50000000 0.50000000 
0.50000000 0.50000000 0.50000000 0.50000000 0.50000000 0.50000000 0.50000000 0.51279172 0.53387089 0.58995487 0.65986981 0.63842504 0.61762869 0.51823828 0.53449599 0.61231677 0.65118208 0.56428401 0.54010104 0.48030461 0.42157218 0.50000000 0.50000000 0.50000000 
0.50000000 0.50000000 0.50000000 0.50000000 0.50000000 0.50000000 0.50000000 0.51552834 0.54475081 0.61279888 0.67447017 0.68668636 0.57596560 0.51301961 0.49627036 0.58798450 0.61930303 0.54726512 0.54508632 0.50137509 0.44105875 0.50000000 0.50000000 0.50000000 
0.50000000 0.50000000 0.50000000 0.50000000 0.50000000 0.50000000 0.50000000 0.51064329 0.54613545 0.60210364 0.66555932 0.65521233 0.58816053 0.54399135 0.53437256 0.59448680 0.59671160 0.51516662 0.52501889 0.48801700 0.46133626 0.50000000 0.50000000 0.50000000 
0.50000000 0.50000000 0.50000000 0.50000000 0.50000000 0.50000000 0.50000000 0.52065334 0.51486405 0.54209522 0.61201092 0.61365812 0.59329422 0.58023153 0.60585719 0.65768107 0.56909333 0.48701664 0.46800222 0.46024001 0.46039179 0.50000000 0.50000000 0.50000000 
0.50000000 0.50000000 0.50000000 0.50000000 0.50000000 0.50000000 0.50000000 0.52320841 0.54430847 0.52697652 0.53938929 0.53844349 0.59839394 0.60501876 0.60158267 0.59533273 0.49753277 0.45165164 0.46400766 0.48338181 0.47750568 0.50000000 0.50000000 0.50000000 
0.50000000 0.50000000 0.50000000 0.50000000 0.50000000 0.50000000 0.50000000 0.52126403 0.53963549 0.54151469 0.55300373 0.54403007 0.53184107 0.54957744 0.51180212 0.46881084 0.45485116 0.45137136 0.49196716 0.49760325 0.49606773 0.50000000 0.50000000 0.50000000 
0.50000000 0.50000000 0.50000000 0.50000000 0.50000000 0.50000000 0.50000000 0.50880674 0.52746224 0.52645263 0.52982670 0.54776537 0.53385488 0.48178865 0.44541954 0.45935401 0.47199239 0.48388294 0.50000000 0.50000000 0.50000000 0.50000000 0.50000000 0.50000000 
0.50000000 0.50000000 0.50000000 0.50000000 0.50000000 0.50000000 0.50000000 0.50000000 0.50284115 0.51550366 0.51684255 0.50810870 0.50254723 0.48774902 0.49356320 0.49021429 0.49082554 0.50000000 0.50000000 0.50000000 0.50000000 0.50000000 0.50000000 0.50000000 
0.50000000 0.50000000 0.50000000 0.50000000 0.50000000 0.50000000 0.50000000 0.50000000 0.50000000 0.50000000 0.50000000 0.50000000 0.50000000 0.50000000 0.50000000 0.50000000 0.50000000 0.50000000 0.50000000 0.50000000 0.50000000 0.50000000 0.50000000 0.50000000 


