0.16538089 0.09555320 0.04107757 -0.03644628 -0.16513904 
-0.10080029 -0.01755410 0.10661726 0.15992122 -0.05581750 
0.03831164 -0.17967215 0.15502491 0.15339449 0.11499557 
-0.00654350 0.11786442 0.08745454 -0.03383594 -0.18221878 
0.14377152 -0.02135287 -0.12042519 0.14529779 -0.13429983 

0.16538089 0.09555320 0.04107757 -0.03644628 -0.16513904 
-0.10080029 -0.01755410 0.10661726 0.15992122 -0.05581750 
0.03831164 -0.17967215 0.15502491 0.15339449 0.11499557 
-0.00654350 0.11786442 0.08745454 -0.03383594 -0.18221878 
0.14377152 -0.02135287 -0.12042519 0.14529779 -0.13429983 

0.16538089 0.09555320 0.04107757 -0.03644628 -0.16513904 
-0.10080029 -0.01755410 0.10661726 0.15992122 -0.05581750 
0.03831164 -0.17967215 0.15502491 0.15339449 0.11499557 
-0.00654350 0.11786442 0.08745454 -0.03383594 -0.18221878 
0.14377152 -0.02135287 -0.12042519 0.14529779 -0.13429983 

0.16538089 0.09555320 0.04107757 -0.03644628 -0.16513904 
-0.10080029 -0.01755410 0.10661726 0.15992122 -0.05581750 
0.03831164 -0.17967215 0.15502491 0.15339449 0.11499557 
-0.00654350 0.11786442 0.08745454 -0.03383594 -0.18221878 
0.14377152 -0.02135287 -0.12042519 0.14529779 -0.13429983 

0.16538089 0.09555320 0.04107757 -0.03644628 -0.16513904 
-0.10080029 -0.01755410 0.10661726 0.15992122 -0.05581750 
0.03831164 -0.17967215 0.15502491 0.15339449 0.11499557 
-0.00654350 0.11786442 0.08745454 -0.03383594 -0.18221878 
0.14377152 -0.02135287 -0.12042519 0.14529779 -0.13429983 

0.16538089 0.09555320 0.04107757 -0.03644628 -0.16513904 
-0.10080029 -0.01755410 0.10661726 0.15992122 -0.05581750 
0.03831164 -0.17967215 0.15502491 0.15339449 0.11499557 
-0.00654350 0.11786442 0.08745454 -0.03383594 -0.18221878 
0.14377152 -0.02135287 -0.12042519 0.14529779 -0.13429983 


0.16002789 0.09027905 0.03590953 -0.04177985 -0.17077409 
-0.10633380 -0.02297596 0.10125450 0.15433594 -0.06172184 
0.03286496 -0.18520958 0.14924351 0.14727297 0.10861392 
-0.01197526 0.11198185 0.08104442 -0.04053265 -0.18905316 
0.13796483 -0.02770253 -0.12718122 0.13840165 -0.14127364 

0.16002789 0.09027905 0.03590953 -0.04177985 -0.17077409 
-0.10633380 -0.02297596 0.10125450 0.15433594 -0.06172184 
0.03286496 -0.18520958 0.14924351 0.14727297 0.10861392 
-0.01197526 0.11198185 0.08104442 -0.04053265 -0.18905316 
0.13796483 -0.02770253 -0.12718122 0.13840165 -0.14127364 

0.16002789 0.09027905 0.03590953 -0.04177985 -0.17077409 
-0.10633380 -0.02297596 0.10125450 0.15433594 -0.06172184 
0.03286496 -0.18520958 0.14924351 0.14727297 0.10861392 
-0.01197526 0.11198185 0.08104442 -0.04053265 -0.18905316 
0.13796483 -0.02770253 -0.12718122 0.13840165 -0.14127364 

0.16002789 0.09027905 0.03590953 -0.04177985 -0.17077409 
-0.10633380 -0.02297596 0.10125450 0.15433594 -0.06172184 
0.03286496 -0.18520958 0.14924351 0.14727297 0.10861392 
-0.01197526 0.11198185 0.08104442 -0.04053265 -0.18905316 
0.13796483 -0.02770253 -0.12718122 0.13840165 -0.14127364 

0.16002789 0.09027905 0.03590953 -0.04177985 -0.17077409 
-0.10633380 -0.02297596 0.10125450 0.15433594 -0.06172184 
0.03286496 -0.18520958 0.14924351 0.14727297 0.10861392 
-0.01197526 0.11198185 0.08104442 -0.04053265 -0.18905316 
0.13796483 -0.02770253 -0.12718122 0.13840165 -0.14127364 

0.16002789 0.09027905 0.03590953 -0.04177985 -0.17077409 
-0.10633380 -0.02297596 0.10125450 0.15433594 -0.06172184 
0.03286496 -0.18520958 0.14924351 0.14727297 0.10861392 
-0.01197526 0.11198185 0.08104442 -0.04053265 -0.18905316 
0.13796483 -0.02770253 -0.12718122 0.13840165 -0.14127364 


0.16794176 0.09826053 0.04378077 -0.03381687 -0.16253566 
-0.09813078 -0.01473891 0.10937803 0.16263253 -0.05306827 
0.04111438 -0.17688450 0.15759936 0.15586367 0.11759442 
-0.00381505 0.12042759 0.08968076 -0.03172856 -0.17985238 
0.14628541 -0.01897447 -0.11829232 0.14739635 -0.13193124 

0.16794176 0.09826053 0.04378077 -0.03381687 -0.16253566 
-0.09813078 -0.01473891 0.10937803 0.16263253 -0.05306827 
0.04111438 -0.17688450 0.15759936 0.15586367 0.11759442 
-0.00381505 0.12042759 0.08968076 -0.03172856 -0.17985238 
0.14628541 -0.01897447 -0.11829232 0.14739635 -0.13193124 

0.16794176 0.09826053 0.04378077 -0.03381687 -0.16253566 
-0.09813078 -0.01473891 0.10937803 0.16263253 -0.05306827 
0.04111438 -0.17688450 0.15759936 0.15586367 0.11759442 
-0.00381505 0.12042759 0.08968076 -0.03172856 -0.17985238 
0.14628541 -0.01897447 -0.11829232 0.14739635 -0.13193124 

0.16794176 0.09826053 0.04378077 -0.03381687 -0.16253566 
-0.09813078 -0.01473891 0.10937803 0.16263253 -0.05306827 
0.04111438 -0.17688450 0.15759936 0.15586367 0.11759442 
-0.00381505 0.12042759 0.08968076 -0.03172856 -0.17985238 
0.14628541 -0.01897447 -0.11829232 0.14739635 -0.13193124 

0.16794176 0.09826053 0.04378077 -0.03381687 -0.16253566 
-0.09813078 -0.01473891 0.10937803 0.16263253 -0.05306827 
0.04111438 -0.17688450 0.15759936 0.15586367 0.11759442 
-0.00381505 0.12042759 0.08968076 -0.03172856 -0.17985238 
0.14628541 -0.01897447 -0.11829232 0.14739635 -0.13193124 

0.16794176 0.09826053 0.04378077 -0.03381687 -0.16253566 
-0.09813078 -0.01473891 0.10937803 0.16263253 -0.05306827 
0.04111438 -0.17688450 0.15759936 0.15586367 0.11759442 
-0.00381505 0.12042759 0.08968076 -0.03172856 -0.17985238 
0.14628541 -0.01897447 -0.11829232 0.14739635 -0.13193124 


0.17080866 0.10135042 0.04691102 -0.03076033 -0.15948949 
-0.09544849 -0.01183933 0.11236252 0.16564880 -0.04992977 
0.04376458 -0.17396497 0.16061993 0.15895442 0.12075295 
-0.00109219 0.12334066 0.09265387 -0.02853840 -0.17671266 
0.14899320 -0.01618083 -0.11544167 0.15048971 -0.12895497 

0.17080866 0.10135042 0.04691102 -0.03076033 -0.15948949 
-0.09544849 -0.01183933 0.11236252 0.16564880 -0.04992977 
0.04376458 -0.17396497 0.16061993 0.15895442 0.12075295 
-0.00109219 0.12334066 0.09265387 -0.02853840 -0.17671266 
0.14899320 -0.01618083 -0.11544167 0.15048971 -0.12895497 

0.17080866 0.10135042 0.04691102 -0.03076033 -0.15948949 
-0.09544849 -0.01183933 0.11236252 0.16564880 -0.04992977 
0.04376458 -0.17396497 0.16061993 0.15895442 0.12075295 
-0.00109219 0.12334066 0.09265387 -0.02853840 -0.17671266 
0.14899320 -0.01618083 -0.11544167 0.15048971 -0.12895497 

0.17080866 0.10135042 0.04691102 -0.03076033 -0.15948949 
-0.09544849 -0.01183933 0.11236252 0.16564880 -0.04992977 
0.04376458 -0.17396497 0.16061993 0.15895442 0.12075295 
-0.00109219 0.12334066 0.09265387 -0.02853840 -0.17671266 
0.14899320 -0.01618083 -0.11544167 0.15048971 -0.12895497 

0.17080866 0.10135042 0.04691102 -0.03076033 -0.15948949 
-0.09544849 -0.01183933 0.11236252 0.16564880 -0.04992977 
0.04376458 -0.17396497 0.16061993 0.15895442 0.12075295 
-0.00109219 0.12334066 0.09265387 -0.02853840 -0.17671266 
0.14899320 -0.01618083 -0.11544167 0.15048971 -0.12895497 

0.17080866 0.10135042 0.04691102 -0.03076033 -0.15948949 
-0.09544849 -0.01183933 0.11236252 0.16564880 -0.04992977 
0.04376458 -0.17396497 0.16061993 0.15895442 0.12075295 
-0.00109219 0.12334066 0.09265387 -0.02853840 -0.17671266 
0.14899320 -0.01618083 -0.11544167 0.15048971 -0.12895497 


0.16091691 0.09127220 0.03690451 -0.04055175 -0.16919716 
-0.10546220 -0.02197516 0.10238638 0.15568467 -0.06009356 
0.03368691 -0.18428346 0.15040315 0.14859788 0.11003187 
-0.01133158 0.11280951 0.08218592 -0.03931852 -0.18796953 
0.13873585 -0.02673879 -0.12605761 0.13950093 -0.14030974 

0.16091691 0.09127220 0.03690451 -0.04055175 -0.16919716 
-0.10546220 -0.02197516 0.10238638 0.15568467 -0.06009356 
0.03368691 -0.18428346 0.15040315 0.14859788 0.11003187 
-0.01133158 0.11280951 0.08218592 -0.03931852 -0.18796953 
0.13873585 -0.02673879 -0.12605761 0.13950093 -0.14030974 

0.16091691 0.09127220 0.03690451 -0.04055175 -0.16919716 
-0.10546220 -0.02197516 0.10238638 0.15568467 -0.06009356 
0.03368691 -0.18428346 0.15040315 0.14859788 0.11003187 
-0.01133158 0.11280951 0.08218592 -0.03931852 -0.18796953 
0.13873585 -0.02673879 -0.12605761 0.13950093 -0.14030974 

0.16091691 0.09127220 0.03690451 -0.04055175 -0.16919716 
-0.10546220 -0.02197516 0.10238638 0.15568467 -0.06009356 
0.03368691 -0.18428346 0.15040315 0.14859788 0.11003187 
-0.01133158 0.11280951 0.08218592 -0.03931852 -0.18796953 
0.13873585 -0.02673879 -0.12605761 0.13950093 -0.14030974 

0.16091691 0.09127220 0.03690451 -0.04055175 -0.16919716 
-0.10546220 -0.02197516 0.10238638 0.15568467 -0.06009356 
0.03368691 -0.18428346 0.15040315 0.14859788 0.11003187 
-0.01133158 0.11280951 0.08218592 -0.03931852 -0.18796953 
0.13873585 -0.02673879 -0.12605761 0.13950093 -0.14030974 

0.16091691 0.09127220 0.03690451 -0.04055175 -0.16919716 
-0.10546220 -0.02197516 0.10238638 0.15568467 -0.06009356 
0.03368691 -0.18428346 0.15040315 0.14859788 0.11003187 
-0.01133158 0.11280951 0.08218592 -0.03931852 -0.18796953 
0.13873585 -0.02673879 -0.12605761 0.13950093 -0.14030974 


0.17094310 0.10140754 0.04701486 -0.03051279 -0.15911027 
-0.09556418 -0.01201749 0.11226651 0.16566126 -0.04999277 
0.04358117 -0.17427236 0.16035701 0.15873395 0.12031602 
-0.00122014 0.12300580 0.09227848 -0.02904681 -0.17747355 
0.14878210 -0.01665112 -0.11609143 0.14959466 -0.13001207 

0.17094310 0.10140754 0.04701486 -0.03051279 -0.15911027 
-0.09556418 -0.01201749 0.11226651 0.16566126 -0.04999277 
0.04358117 -0.17427236 0.16035701 0.15873395 0.12031602 
-0.00122014 0.12300580 0.09227848 -0.02904681 -0.17747355 
0.14878210 -0.01665112 -0.11609143 0.14959466 -0.13001207 

0.17094310 0.10140754 0.04701486 -0.03051279 -0.15911027 
-0.09556418 -0.01201749 0.11226651 0.16566126 -0.04999277 
0.04358117 -0.17427236 0.16035701 0.15873395 0.12031602 
-0.00122014 0.12300580 0.09227848 -0.02904681 -0.17747355 
0.14878210 -0.01665112 -0.11609143 0.14959466 -0.13001207 

0.17094310 0.10140754 0.04701486 -0.03051279 -0.15911027 
-0.09556418 -0.01201749 0.11226651 0.16566126 -0.04999277 
0.04358117 -0.17427236 0.16035701 0.15873395 0.12031602 
-0.00122014 0.12300580 0.09227848 -0.02904681 -0.17747355 
0.14878210 -0.01665112 -0.11609143 0.14959466 -0.13001207 

0.17094310 0.10140754 0.04701486 -0.03051279 -0.15911027 
-0.09556418 -0.01201749 0.11226651 0.16566126 -0.04999277 
0.04358117 -0.17427236 0.16035701 0.15873395 0.12031602 
-0.00122014 0.12300580 0.09227848 -0.02904681 -0.17747355 
0.14878210 -0.01665112 -0.11609143 0.14959466 -0.13001207 

0.17094310 0.10140754 0.04701486 -0.03051279 -0.15911027 
-0.09556418 -0.01201749 0.11226651 0.16566126 -0.04999277 
0.04358117 -0.17427236 0.16035701 0.15873395 0.12031602 
-0.00122014 0.12300580 0.09227848 -0.02904681 -0.17747355 
0.14878210 -0.01665112 -0.11609143 0.14959466 -0.13001207 


0.16926682 0.09968996 0.04543852 -0.03201277 -0.16083847 
-0.09688854 -0.01328352 0.11105495 0.16434411 -0.05151017 
0.04235818 -0.17543039 0.15917669 0.15744164 0.11901599 
-0.00252428 0.12172293 0.09105034 -0.03025118 -0.17849628 
0.14762670 -0.01773204 -0.11704175 0.14871828 -0.13072012 

0.16926682 0.09968996 0.04543852 -0.03201277 -0.16083847 
-0.09688854 -0.01328352 0.11105495 0.16434411 -0.05151017 
0.04235818 -0.17543039 0.15917669 0.15744164 0.11901599 
-0.00252428 0.12172293 0.09105034 -0.03025118 -0.17849628 
0.14762670 -0.01773204 -0.11704175 0.14871828 -0.13072012 

0.16926682 0.09968996 0.04543852 -0.03201277 -0.16083847 
-0.09688854 -0.01328352 0.11105495 0.16434411 -0.05151017 
0.04235818 -0.17543039 0.15917669 0.15744164 0.11901599 
-0.00252428 0.12172293 0.09105034 -0.03025118 -0.17849628 
0.14762670 -0.01773204 -0.11704175 0.14871828 -0.13072012 

0.16926682 0.09968996 0.04543852 -0.03201277 -0.16083847 
-0.09688854 -0.01328352 0.11105495 0.16434411 -0.05151017 
0.04235818 -0.17543039 0.15917669 0.15744164 0.11901599 
-0.00252428 0.12172293 0.09105034 -0.03025118 -0.17849628 
0.14762670 -0.01773204 -0.11704175 0.14871828 -0.13072012 

0.16926682 0.09968996 0.04543852 -0.03201277 -0.16083847 
-0.09688854 -0.01328352 0.11105495 0.16434411 -0.05151017 
0.04235818 -0.17543039 0.15917669 0.15744164 0.11901599 
-0.00252428 0.12172293 0.09105034 -0.03025118 -0.17849628 
0.14762670 -0.01773204 -0.11704175 0.14871828 -0.13072012 

0.16926682 0.09968996 0.04543852 -0.03201277 -0.16083847 
-0.09688854 -0.01328352 0.11105495 0.16434411 -0.05151017 
0.04235818 -0.17543039 0.15917669 0.15744164 0.11901599 
-0.00252428 0.12172293 0.09105034 -0.03025118 -0.17849628 
0.14762670 -0.01773204 -0.11704175 0.14871828 -0.13072012 


0.16207931 0.09231311 0.03776778 -0.03985681 -0.16852193 
-0.10416196 -0.02088297 0.10316388 0.15637931 -0.05926460 
0.03508828 -0.18298844 0.15141915 0.14971526 0.11156707 
-0.00956842 0.11455236 0.08376444 -0.03746283 -0.18546348 
0.14083527 -0.02457483 -0.12395876 0.14184103 -0.13749751 

0.16207931 0.09231311 0.03776778 -0.03985681 -0.16852193 
-0.10416196 -0.02088297 0.10316388 0.15637931 -0.05926460 
0.03508828 -0.18298844 0.15141915 0.14971526 0.11156707 
-0.00956842 0.11455236 0.08376444 -0.03746283 -0.18546348 
0.14083527 -0.02457483 -0.12395876 0.14184103 -0.13749751 

0.16207931 0.09231311 0.03776778 -0.03985681 -0.16852193 
-0.10416196 -0.02088297 0.10316388 0.15637931 -0.05926460 
0.03508828 -0.18298844 0.15141915 0.14971526 0.11156707 
-0.00956842 0.11455236 0.08376444 -0.03746283 -0.18546348 
0.14083527 -0.02457483 -0.12395876 0.14184103 -0.13749751 

0.16207931 0.09231311 0.03776778 -0.03985681 -0.16852193 
-0.10416196 -0.02088297 0.10316388 0.15637931 -0.05926460 
0.03508828 -0.18298844 0.15141915 0.14971526 0.11156707 
-0.00956842 0.11455236 0.08376444 -0.03746283 -0.18546348 
0.14083527 -0.02457483 -0.12395876 0.14184103 -0.13749751 

0.16207931 0.09231311 0.03776778 -0.03985681 -0.16852193 
-0.10416196 -0.02088297 0.10316388 0.15637931 -0.05926460 
0.03508828 -0.18298844 0.15141915 0.14971526 0.11156707 
-0.00956842 0.11455236 0.08376444 -0.03746283 -0.18546348 
0.14083527 -0.02457483 -0.12395876 0.14184103 -0.13749751 

0.16207931 0.09231311 0.03776778 -0.03985681 -0.16852193 
-0.10416196 -0.02088297 0.10316388 0.15637931 -0.05926460 
0.03508828 -0.18298844 0.15141915 0.14971526 0.11156707 
-0.00956842 0.11455236 0.08376444 -0.03746283 -0.18546348 
0.14083527 -0.02457483 -0.12395876 0.14184103 -0.13749751 


0.16098603 0.09151746 0.03705174 -0.04059363 -0.16932422 
-0.10512890 -0.02169872 0.10233347 0.15552410 -0.06020311 
0.03402052 -0.18404823 0.15025399 0.14846365 0.11011705 
-0.01093925 0.11302104 0.08206099 -0.03930326 -0.18755658 
0.13893205 -0.02667781 -0.12604819 0.13977968 -0.13976873 

0.16098603 0.09151746 0.03705174 -0.04059363 -0.16932422 
-0.10512890 -0.02169872 0.10233347 0.15552410 -0.06020311 
0.03402052 -0.18404823 0.15025399 0.14846365 0.11011705 
-0.01093925 0.11302104 0.08206099 -0.03930326 -0.18755658 
0.13893205 -0.02667781 -0.12604819 0.13977968 -0.13976873 

0.16098603 0.09151746 0.03705174 -0.04059363 -0.16932422 
-0.10512890 -0.02169872 0.10233347 0.15552410 -0.06020311 
0.03402052 -0.18404823 0.15025399 0.14846365 0.11011705 
-0.01093925 0.11302104 0.08206099 -0.03930326 -0.18755658 
0.13893205 -0.02667781 -0.12604819 0.13977968 -0.13976873 

0.16098603 0.09151746 0.03705174 -0.04059363 -0.16932422 
-0.10512890 -0.02169872 0.10233347 0.15552410 -0.06020311 
0.03402052 -0.18404823 0.15025399 0.14846365 0.11011705 
-0.01093925 0.11302104 0.08206099 -0.03930326 -0.18755658 
0.13893205 -0.02667781 -0.12604819 0.13977968 -0.13976873 

0.16098603 0.09151746 0.03705174 -0.04059363 -0.16932422 
-0.10512890 -0.02169872 0.10233347 0.15552410 -0.06020311 
0.03402052 -0.18404823 0.15025399 0.14846365 0.11011705 
-0.01093925 0.11302104 0.08206099 -0.03930326 -0.18755658 
0.13893205 -0.02667781 -0.12604819 0.13977968 -0.13976873 

0.16098603 0.09151746 0.03705174 -0.04059363 -0.16932422 
-0.10512890 -0.02169872 0.10233347 0.15552410 -0.06020311 
0.03402052 -0.18404823 0.15025399 0.14846365 0.11011705 
-0.01093925 0.11302104 0.08206099 -0.03930326 -0.18755658 
0.13893205 -0.02667781 -0.12604819 0.13977968 -0.13976873 


0.16288914 0.09320263 0.03871269 -0.03888998 -0.16754728 
-0.10337846 -0.01997989 0.10404884 0.15723240 -0.05828486 
0.03581504 -0.18218983 0.15213258 0.15034423 0.11232593 
-0.00897523 0.11511957 0.08417139 -0.03718251 -0.18508000 
0.14113936 -0.02431614 -0.12379454 0.14201564 -0.13710898 

0.16288914 0.09320263 0.03871269 -0.03888998 -0.16754728 
-0.10337846 -0.01997989 0.10404884 0.15723240 -0.05828486 
0.03581504 -0.18218983 0.15213258 0.15034423 0.11232593 
-0.00897523 0.11511957 0.08417139 -0.03718251 -0.18508000 
0.14113936 -0.02431614 -0.12379454 0.14201564 -0.13710898 

0.16288914 0.09320263 0.03871269 -0.03888998 -0.16754728 
-0.10337846 -0.01997989 0.10404884 0.15723240 -0.05828486 
0.03581504 -0.18218983 0.15213258 0.15034423 0.11232593 
-0.00897523 0.11511957 0.08417139 -0.03718251 -0.18508000 
0.14113936 -0.02431614 -0.12379454 0.14201564 -0.13710898 

0.16288914 0.09320263 0.03871269 -0.03888998 -0.16754728 
-0.10337846 -0.01997989 0.10404884 0.15723240 -0.05828486 
0.03581504 -0.18218983 0.15213258 0.15034423 0.11232593 
-0.00897523 0.11511957 0.08417139 -0.03718251 -0.18508000 
0.14113936 -0.02431614 -0.12379454 0.14201564 -0.13710898 

0.16288914 0.09320263 0.03871269 -0.03888998 -0.16754728 
-0.10337846 -0.01997989 0.10404884 0.15723240 -0.05828486 
0.03581504 -0.18218983 0.15213258 0.15034423 0.11232593 
-0.00897523 0.11511957 0.08417139 -0.03718251 -0.18508000 
0.14113936 -0.02431614 -0.12379454 0.14201564 -0.13710898 

0.16288914 0.09320263 0.03871269 -0.03888998 -0.16754728 
-0.10337846 -0.01997989 0.10404884 0.15723240 -0.05828486 
0.03581504 -0.18218983 0.15213258 0.15034423 0.11232593 
-0.00897523 0.11511957 0.08417139 -0.03718251 -0.18508000 
0.14113936 -0.02431614 -0.12379454 0.14201564 -0.13710898 


0.17121269 0.10177303 0.04743686 -0.03018085 -0.15897989 
-0.09496493 -0.01132090 0.11296338 0.16616520 -0.04961802 
0.04452354 -0.17329924 0.16122122 0.15936205 0.12091341 
-0.00004882 0.12411373 0.09325717 -0.02826660 -0.17665359 
0.14994150 -0.01549183 -0.11490164 0.15065486 -0.12889715 

0.17121269 0.10177303 0.04743686 -0.03018085 -0.15897989 
-0.09496493 -0.01132090 0.11296338 0.16616520 -0.04961802 
0.04452354 -0.17329924 0.16122122 0.15936205 0.12091341 
-0.00004882 0.12411373 0.09325717 -0.02826660 -0.17665359 
0.14994150 -0.01549183 -0.11490164 0.15065486 -0.12889715 

0.17121269 0.10177303 0.04743686 -0.03018085 -0.15897989 
-0.09496493 -0.01132090 0.11296338 0.16616520 -0.04961802 
0.04452354 -0.17329924 0.16122122 0.15936205 0.12091341 
-0.00004882 0.12411373 0.09325717 -0.02826660 -0.17665359 
0.14994150 -0.01549183 -0.11490164 0.15065486 -0.12889715 

0.17121269 0.10177303 0.04743686 -0.03018085 -0.15897989 
-0.09496493 -0.01132090 0.11296338 0.16616520 -0.04961802 
0.04452354 -0.17329924 0.16122122 0.15936205 0.12091341 
-0.00004882 0.12411373 0.09325717 -0.02826660 -0.17665359 
0.14994150 -0.01549183 -0.11490164 0.15065486 -0.12889715 

0.17121269 0.10177303 0.04743686 -0.03018085 -0.15897989 
-0.09496493 -0.01132090 0.11296338 0.16616520 -0.04961802 
0.04452354 -0.17329924 0.16122122 0.15936205 0.12091341 
-0.00004882 0.12411373 0.09325717 -0.02826660 -0.17665359 
0.14994150 -0.01549183 -0.11490164 0.15065486 -0.12889715 

0.17121269 0.10177303 0.04743686 -0.03018085 -0.15897989 
-0.09496493 -0.01132090 0.11296338 0.16616520 -0.04961802 
0.04452354 -0.17329924 0.16122122 0.15936205 0.12091341 
-0.00004882 0.12411373 0.09325717 -0.02826660 -0.17665359 
0.14994150 -0.01549183 -0.11490164 0.15065486 -0.12889715 


0.17059393 0.10100634 0.04665905 -0.03102508 -0.15998472 
-0.09555573 -0.01206483 0.11206463 0.16508910 -0.05083429 
0.04368572 -0.17429570 0.16001315 0.15803240 0.11956757 
-0.00122863 0.12273675 0.09178812 -0.02970794 -0.17807945 
0.14860707 -0.01701461 -0.11641069 0.14927608 -0.13034040 

0.17059393 0.10100634 0.04665905 -0.03102508 -0.15998472 
-0.09555573 -0.01206483 0.11206463 0.16508910 -0.05083429 
0.04368572 -0.17429570 0.16001315 0.15803240 0.11956757 
-0.00122863 0.12273675 0.09178812 -0.02970794 -0.17807945 
0.14860707 -0.01701461 -0.11641069 0.14927608 -0.13034040 

0.17059393 0.10100634 0.04665905 -0.03102508 -0.15998472 
-0.09555573 -0.01206483 0.11206463 0.16508910 -0.05083429 
0.04368572 -0.17429570 0.16001315 0.15803240 0.11956757 
-0.00122863 0.12273675 0.09178812 -0.02970794 -0.17807945 
0.14860707 -0.01701461 -0.11641069 0.14927608 -0.13034040 

0.17059393 0.10100634 0.04665905 -0.03102508 -0.15998472 
-0.09555573 -0.01206483 0.11206463 0.16508910 -0.05083429 
0.04368572 -0.17429570 0.16001315 0.15803240 0.11956757 
-0.00122863 0.12273675 0.09178812 -0.02970794 -0.17807945 
0.14860707 -0.01701461 -0.11641069 0.14927608 -0.13034040 

0.17059393 0.10100634 0.04665905 -0.03102508 -0.15998472 
-0.09555573 -0.01206483 0.11206463 0.16508910 -0.05083429 
0.04368572 -0.17429570 0.16001315 0.15803240 0.11956757 
-0.00122863 0.12273675 0.09178812 -0.02970794 -0.17807945 
0.14860707 -0.01701461 -0.11641069 0.14927608 -0.13034040 

0.17059393 0.10100634 0.04665905 -0.03102508 -0.15998472 
-0.09555573 -0.01206483 0.11206463 0.16508910 -0.05083429 
0.04368572 -0.17429570 0.16001315 0.15803240 0.11956757 
-0.00122863 0.12273675 0.09178812 -0.02970794 -0.17807945 
0.14860707 -0.01701461 -0.11641069 0.14927608 -0.13034040 


