0.16537232 0.09554453 0.04106894 -0.03645490 -0.16514774 
-0.10080911 -0.01756301 0.10660846 0.15991249 -0.05582624 
0.03830276 -0.17968108 0.15501598 0.15338558 0.11498671 
-0.00655226 0.11785556 0.08744547 -0.03384513 -0.18222789 
0.14376257 -0.02136197 -0.12043444 0.14528849 -0.13430894 

0.16537232 0.09554453 0.04106894 -0.03645490 -0.16514774 
-0.10080911 -0.01756301 0.10660846 0.15991249 -0.05582624 
0.03830276 -0.17968108 0.15501598 0.15338558 0.11498671 
-0.00655226 0.11785556 0.08744547 -0.03384513 -0.18222789 
0.14376257 -0.02136197 -0.12043444 0.14528849 -0.13430894 

0.16537232 0.09554453 0.04106894 -0.03645490 -0.16514774 
-0.10080911 -0.01756301 0.10660846 0.15991249 -0.05582624 
0.03830276 -0.17968108 0.15501598 0.15338558 0.11498671 
-0.00655226 0.11785556 0.08744547 -0.03384513 -0.18222789 
0.14376257 -0.02136197 -0.12043444 0.14528849 -0.13430894 

0.16537232 0.09554453 0.04106894 -0.03645490 -0.16514774 
-0.10080911 -0.01756301 0.10660846 0.15991249 -0.05582624 
0.03830276 -0.17968108 0.15501598 0.15338558 0.11498671 
-0.00655226 0.11785556 0.08744547 -0.03384513 -0.18222789 
0.14376257 -0.02136197 -0.12043444 0.14528849 -0.13430894 

0.16537232 0.09554453 0.04106894 -0.03645490 -0.16514774 
-0.10080911 -0.01756301 0.10660846 0.15991249 -0.05582624 
0.03830276 -0.17968108 0.15501598 0.15338558 0.11498671 
-0.00655226 0.11785556 0.08744547 -0.03384513 -0.18222789 
0.14376257 -0.02136197 -0.12043444 0.14528849 -0.13430894 

0.16537232 0.09554453 0.04106894 -0.03645490 -0.16514774 
-0.10080911 -0.01756301 0.10660846 0.15991249 -0.05582624 
0.03830276 -0.17968108 0.15501598 0.15338558 0.11498671 
-0.00655226 0.11785556 0.08744547 -0.03384513 -0.18222789 
0.14376257 -0.02136197 -0.12043444 0.14528849 -0.13430894 


0.16001298 0.09026396 0.03589449 -0.04179503 -0.17078959 
-0.10634896 -0.02299128 0.10123942 0.15432068 -0.06173758 
0.03284965 -0.18522502 0.14922841 0.14725762 0.10859813 
-0.01199059 0.11196638 0.08102922 -0.04054810 -0.18906908 
0.13794963 -0.02771794 -0.12719647 0.13838616 -0.14128955 

0.16001298 0.09026396 0.03589449 -0.04179503 -0.17078959 
-0.10634896 -0.02299128 0.10123942 0.15432068 -0.06173758 
0.03284965 -0.18522502 0.14922841 0.14725762 0.10859813 
-0.01199059 0.11196638 0.08102922 -0.04054810 -0.18906908 
0.13794963 -0.02771794 -0.12719647 0.13838616 -0.14128955 

0.16001298 0.09026396 0.03589449 -0.04179503 -0.17078959 
-0.10634896 -0.02299128 0.10123942 0.15432068 -0.06173758 
0.03284965 -0.18522502 0.14922841 0.14725762 0.10859813 
-0.01199059 0.11196638 0.08102922 -0.04054810 -0.18906908 
0.13794963 -0.02771794 -0.12719647 0.13838616 -0.14128955 

0.16001298 0.09026396 0.03589449 -0.04179503 -0.17078959 
-0.10634896 -0.02299128 0.10123942 0.15432068 -0.06173758 
0.03284965 -0.18522502 0.14922841 0.14725762 0.10859813 
-0.01199059 0.11196638 0.08102922 -0.04054810 -0.18906908 
0.13794963 -0.02771794 -0.12719647 0.13838616 -0.14128955 

0.16001298 0.09026396 0.03589449 -0.04179503 -0.17078959 
-0.10634896 -0.02299128 0.10123942 0.15432068 -0.06173758 
0.03284965 -0.18522502 0.14922841 0.14725762 0.10859813 
-0.01199059 0.11196638 0.08102922 -0.04054810 -0.18906908 
0.13794963 -0.02771794 -0.12719647 0.13838616 -0.14128955 

0.16001298 0.09026396 0.03589449 -0.04179503 -0.17078959 
-0.10634896 -0.02299128 0.10123942 0.15432068 -0.06173758 
0.03284965 -0.18522502 0.14922841 0.14725762 0.10859813 
-0.01199059 0.11196638 0.08102922 -0.04054810 -0.18906908 
0.13794963 -0.02771794 -0.12719647 0.13838616 -0.14128955 


0.16793291 0.09825157 0.04377192 -0.03382557 -0.16254436 
-0.09813973 -0.01474790 0.10936914 0.16262370 -0.05307716 
0.04110535 -0.17689362 0.15759025 0.15585466 0.11758545 
-0.00382409 0.12041843 0.08967156 -0.03173763 -0.17986138 
0.14627647 -0.01898360 -0.11830156 0.14738722 -0.13194040 

0.16793291 0.09825157 0.04377192 -0.03382557 -0.16254436 
-0.09813973 -0.01474790 0.10936914 0.16262370 -0.05307716 
0.04110535 -0.17689362 0.15759025 0.15585466 0.11758545 
-0.00382409 0.12041843 0.08967156 -0.03173763 -0.17986138 
0.14627647 -0.01898360 -0.11830156 0.14738722 -0.13194040 

0.16793291 0.09825157 0.04377192 -0.03382557 -0.16254436 
-0.09813973 -0.01474790 0.10936914 0.16262370 -0.05307716 
0.04110535 -0.17689362 0.15759025 0.15585466 0.11758545 
-0.00382409 0.12041843 0.08967156 -0.03173763 -0.17986138 
0.14627647 -0.01898360 -0.11830156 0.14738722 -0.13194040 

0.16793291 0.09825157 0.04377192 -0.03382557 -0.16254436 
-0.09813973 -0.01474790 0.10936914 0.16262370 -0.05307716 
0.04110535 -0.17689362 0.15759025 0.15585466 0.11758545 
-0.00382409 0.12041843 0.08967156 -0.03173763 -0.17986138 
0.14627647 -0.01898360 -0.11830156 0.14738722 -0.13194040 

0.16793291 0.09825157 0.04377192 -0.03382557 -0.16254436 
-0.09813973 -0.01474790 0.10936914 0.16262370 -0.05307716 
0.04110535 -0.17689362 0.15759025 0.15585466 0.11758545 
-0.00382409 0.12041843 0.08967156 -0.03173763 -0.17986138 
0.14627647 -0.01898360 -0.11830156 0.14738722 -0.13194040 

0.16793291 0.09825157 0.04377192 -0.03382557 -0.16254436 
-0.09813973 -0.01474790 0.10936914 0.16262370 -0.05307716 
0.04110535 -0.17689362 0.15759025 0.15585466 0.11758545 
-0.00382409 0.12041843 0.08967156 -0.03173763 -0.17986138 
0.14627647 -0.01898360 -0.11830156 0.14738722 -0.13194040 


0.17080267 0.10134446 0.04690501 -0.03076618 -0.15949527 
-0.09545423 -0.01184509 0.11235665 0.16564298 -0.04993562 
0.04375882 -0.17397080 0.16061403 0.15894859 0.12074712 
-0.00109820 0.12333461 0.09264785 -0.02854426 -0.17671846 
0.14898718 -0.01618692 -0.11544781 0.15048377 -0.12896077 

0.17080267 0.10134446 0.04690501 -0.03076618 -0.15949527 
-0.09545423 -0.01184509 0.11235665 0.16564298 -0.04993562 
0.04375882 -0.17397080 0.16061403 0.15894859 0.12074712 
-0.00109820 0.12333461 0.09264785 -0.02854426 -0.17671846 
0.14898718 -0.01618692 -0.11544781 0.15048377 -0.12896077 

0.17080267 0.10134446 0.04690501 -0.03076618 -0.15949527 
-0.09545423 -0.01184509 0.11235665 0.16564298 -0.04993562 
0.04375882 -0.17397080 0.16061403 0.15894859 0.12074712 
-0.00109820 0.12333461 0.09264785 -0.02854426 -0.17671846 
0.14898718 -0.01618692 -0.11544781 0.15048377 -0.12896077 

0.17080267 0.10134446 0.04690501 -0.03076618 -0.15949527 
-0.09545423 -0.01184509 0.11235665 0.16564298 -0.04993562 
0.04375882 -0.17397080 0.16061403 0.15894859 0.12074712 
-0.00109820 0.12333461 0.09264785 -0.02854426 -0.17671846 
0.14898718 -0.01618692 -0.11544781 0.15048377 -0.12896077 

0.17080267 0.10134446 0.04690501 -0.03076618 -0.15949527 
-0.09545423 -0.01184509 0.11235665 0.16564298 -0.04993562 
0.04375882 -0.17397080 0.16061403 0.15894859 0.12074712 
-0.00109820 0.12333461 0.09264785 -0.02854426 -0.17671846 
0.14898718 -0.01618692 -0.11544781 0.15048377 -0.12896077 

0.17080267 0.10134446 0.04690501 -0.03076618 -0.15949527 
-0.09545423 -0.01184509 0.11235665 0.16564298 -0.04993562 
0.04375882 -0.17397080 0.16061403 0.15894859 0.12074712 
-0.00109820 0.12333461 0.09264785 -0.02854426 -0.17671846 
0.14898718 -0.01618692 -0.11544781 0.15048377 -0.12896077 


0.16090507 0.09126016 0.03689218 -0.04056400 -0.16920903 
-0.10547424 -0.02198748 0.10237371 0.15567218 -0.06010551 
0.03367476 -0.18429591 0.15039047 0.14858544 0.11001996 
-0.01134373 0.11279726 0.08217360 -0.03933058 -0.18798115 
0.13872394 -0.02675071 -0.12606969 0.13948909 -0.14032109 

0.16090507 0.09126016 0.03689218 -0.04056400 -0.16920903 
-0.10547424 -0.02198748 0.10237371 0.15567218 -0.06010551 
0.03367476 -0.18429591 0.15039047 0.14858544 0.11001996 
-0.01134373 0.11279726 0.08217360 -0.03933058 -0.18798115 
0.13872394 -0.02675071 -0.12606969 0.13948909 -0.14032109 

0.16090507 0.09126016 0.03689218 -0.04056400 -0.16920903 
-0.10547424 -0.02198748 0.10237371 0.15567218 -0.06010551 
0.03367476 -0.18429591 0.15039047 0.14858544 0.11001996 
-0.01134373 0.11279726 0.08217360 -0.03933058 -0.18798115 
0.13872394 -0.02675071 -0.12606969 0.13948909 -0.14032109 

0.16090507 0.09126016 0.03689218 -0.04056400 -0.16920903 
-0.10547424 -0.02198748 0.10237371 0.15567218 -0.06010551 
0.03367476 -0.18429591 0.15039047 0.14858544 0.11001996 
-0.01134373 0.11279726 0.08217360 -0.03933058 -0.18798115 
0.13872394 -0.02675071 -0.12606969 0.13948909 -0.14032109 

0.16090507 0.09126016 0.03689218 -0.04056400 -0.16920903 
-0.10547424 -0.02198748 0.10237371 0.15567218 -0.06010551 
0.03367476 -0.18429591 0.15039047 0.14858544 0.11001996 
-0.01134373 0.11279726 0.08217360 -0.03933058 -0.18798115 
0.13872394 -0.02675071 -0.12606969 0.13948909 -0.14032109 

0.16090507 0.09126016 0.03689218 -0.04056400 -0.16920903 
-0.10547424 -0.02198748 0.10237371 0.15567218 -0.06010551 
0.03367476 -0.18429591 0.15039047 0.14858544 0.11001996 
-0.01134373 0.11279726 0.08217360 -0.03933058 -0.18798115 
0.13872394 -0.02675071 -0.12606969 0.13948909 -0.14032109 


0.17092958 0.10139390 0.04700118 -0.03052658 -0.15912415 
-0.09557783 -0.01203133 0.11225261 0.16564734 -0.05000671 
0.04356744 -0.17428629 0.16034310 0.15872012 0.12030215 
-0.00123382 0.12299204 0.09226475 -0.02906046 -0.17748722 
0.14876867 -0.01666463 -0.11610494 0.14958123 -0.13002554 

0.17092958 0.10139390 0.04700118 -0.03052658 -0.15912415 
-0.09557783 -0.01203133 0.11225261 0.16564734 -0.05000671 
0.04356744 -0.17428629 0.16034310 0.15872012 0.12030215 
-0.00123382 0.12299204 0.09226475 -0.02906046 -0.17748722 
0.14876867 -0.01666463 -0.11610494 0.14958123 -0.13002554 

0.17092958 0.10139390 0.04700118 -0.03052658 -0.15912415 
-0.09557783 -0.01203133 0.11225261 0.16564734 -0.05000671 
0.04356744 -0.17428629 0.16034310 0.15872012 0.12030215 
-0.00123382 0.12299204 0.09226475 -0.02906046 -0.17748722 
0.14876867 -0.01666463 -0.11610494 0.14958123 -0.13002554 

0.17092958 0.10139390 0.04700118 -0.03052658 -0.15912415 
-0.09557783 -0.01203133 0.11225261 0.16564734 -0.05000671 
0.04356744 -0.17428629 0.16034310 0.15872012 0.12030215 
-0.00123382 0.12299204 0.09226475 -0.02906046 -0.17748722 
0.14876867 -0.01666463 -0.11610494 0.14958123 -0.13002554 

0.17092958 0.10139390 0.04700118 -0.03052658 -0.15912415 
-0.09557783 -0.01203133 0.11225261 0.16564734 -0.05000671 
0.04356744 -0.17428629 0.16034310 0.15872012 0.12030215 
-0.00123382 0.12299204 0.09226475 -0.02906046 -0.17748722 
0.14876867 -0.01666463 -0.11610494 0.14958123 -0.13002554 

0.17092958 0.10139390 0.04700118 -0.03052658 -0.15912415 
-0.09557783 -0.01203133 0.11225261 0.16564734 -0.05000671 
0.04356744 -0.17428629 0.16034310 0.15872012 0.12030215 
-0.00123382 0.12299204 0.09226475 -0.02906046 -0.17748722 
0.14876867 -0.01666463 -0.11610494 0.14958123 -0.13002554 


0.16925441 0.09967740 0.04542580 -0.03202537 -0.16085094 
-0.09690109 -0.01329633 0.11104200 0.16433124 -0.05152295 
0.04234542 -0.17544336 0.15916371 0.15742870 0.11900309 
-0.00253699 0.12171006 0.09103747 -0.03026407 -0.17850919 
0.14761414 -0.01774479 -0.11705457 0.14870549 -0.13073294 

0.16925441 0.09967740 0.04542580 -0.03202537 -0.16085094 
-0.09690109 -0.01329633 0.11104200 0.16433124 -0.05152295 
0.04234542 -0.17544336 0.15916371 0.15742870 0.11900309 
-0.00253699 0.12171006 0.09103747 -0.03026407 -0.17850919 
0.14761414 -0.01774479 -0.11705457 0.14870549 -0.13073294 

0.16925441 0.09967740 0.04542580 -0.03202537 -0.16085094 
-0.09690109 -0.01329633 0.11104200 0.16433124 -0.05152295 
0.04234542 -0.17544336 0.15916371 0.15742870 0.11900309 
-0.00253699 0.12171006 0.09103747 -0.03026407 -0.17850919 
0.14761414 -0.01774479 -0.11705457 0.14870549 -0.13073294 

0.16925441 0.09967740 0.04542580 -0.03202537 -0.16085094 
-0.09690109 -0.01329633 0.11104200 0.16433124 -0.05152295 
0.04234542 -0.17544336 0.15916371 0.15742870 0.11900309 
-0.00253699 0.12171006 0.09103747 -0.03026407 -0.17850919 
0.14761414 -0.01774479 -0.11705457 0.14870549 -0.13073294 

0.16925441 0.09967740 0.04542580 -0.03202537 -0.16085094 
-0.09690109 -0.01329633 0.11104200 0.16433124 -0.05152295 
0.04234542 -0.17544336 0.15916371 0.15742870 0.11900309 
-0.00253699 0.12171006 0.09103747 -0.03026407 -0.17850919 
0.14761414 -0.01774479 -0.11705457 0.14870549 -0.13073294 

0.16925441 0.09967740 0.04542580 -0.03202537 -0.16085094 
-0.09690109 -0.01329633 0.11104200 0.16433124 -0.05152295 
0.04234542 -0.17544336 0.15916371 0.15742870 0.11900309 
-0.00253699 0.12171006 0.09103747 -0.03026407 -0.17850919 
0.14761414 -0.01774479 -0.11705457 0.14870549 -0.13073294 


0.16207209 0.09230584 0.03776037 -0.03986422 -0.16852919 
-0.10416908 -0.02089026 0.10315646 0.15637193 -0.05927177 
0.03508103 -0.18299579 0.15141181 0.14970797 0.11155993 
-0.00957599 0.11454480 0.08375700 -0.03747020 -0.18547074 
0.14082762 -0.02458246 -0.12396639 0.14183345 -0.13750506 

0.16207209 0.09230584 0.03776037 -0.03986422 -0.16852919 
-0.10416908 -0.02089026 0.10315646 0.15637193 -0.05927177 
0.03508103 -0.18299579 0.15141181 0.14970797 0.11155993 
-0.00957599 0.11454480 0.08375700 -0.03747020 -0.18547074 
0.14082762 -0.02458246 -0.12396639 0.14183345 -0.13750506 

0.16207209 0.09230584 0.03776037 -0.03986422 -0.16852919 
-0.10416908 -0.02089026 0.10315646 0.15637193 -0.05927177 
0.03508103 -0.18299579 0.15141181 0.14970797 0.11155993 
-0.00957599 0.11454480 0.08375700 -0.03747020 -0.18547074 
0.14082762 -0.02458246 -0.12396639 0.14183345 -0.13750506 

0.16207209 0.09230584 0.03776037 -0.03986422 -0.16852919 
-0.10416908 -0.02089026 0.10315646 0.15637193 -0.05927177 
0.03508103 -0.18299579 0.15141181 0.14970797 0.11155993 
-0.00957599 0.11454480 0.08375700 -0.03747020 -0.18547074 
0.14082762 -0.02458246 -0.12396639 0.14183345 -0.13750506 

0.16207209 0.09230584 0.03776037 -0.03986422 -0.16852919 
-0.10416908 -0.02089026 0.10315646 0.15637193 -0.05927177 
0.03508103 -0.18299579 0.15141181 0.14970797 0.11155993 
-0.00957599 0.11454480 0.08375700 -0.03747020 -0.18547074 
0.14082762 -0.02458246 -0.12396639 0.14183345 -0.13750506 

0.16207209 0.09230584 0.03776037 -0.03986422 -0.16852919 
-0.10416908 -0.02089026 0.10315646 0.15637193 -0.05927177 
0.03508103 -0.18299579 0.15141181 0.14970797 0.11155993 
-0.00957599 0.11454480 0.08375700 -0.03747020 -0.18547074 
0.14082762 -0.02458246 -0.12396639 0.14183345 -0.13750506 


0.16097413 0.09150555 0.03703982 -0.04060585 -0.16933679 
-0.10514063 -0.02171063 0.10232141 0.15551176 -0.06021570 
0.03400862 -0.18406029 0.15024184 0.14845139 0.11010489 
-0.01095127 0.11300903 0.08204880 -0.03931534 -0.18756826 
0.13892017 -0.02668980 -0.12606035 0.13976778 -0.13978040 

0.16097413 0.09150555 0.03703982 -0.04060585 -0.16933679 
-0.10514063 -0.02171063 0.10232141 0.15551176 -0.06021570 
0.03400862 -0.18406029 0.15024184 0.14845139 0.11010489 
-0.01095127 0.11300903 0.08204880 -0.03931534 -0.18756826 
0.13892017 -0.02668980 -0.12606035 0.13976778 -0.13978040 

0.16097413 0.09150555 0.03703982 -0.04060585 -0.16933679 
-0.10514063 -0.02171063 0.10232141 0.15551176 -0.06021570 
0.03400862 -0.18406029 0.15024184 0.14845139 0.11010489 
-0.01095127 0.11300903 0.08204880 -0.03931534 -0.18756826 
0.13892017 -0.02668980 -0.12606035 0.13976778 -0.13978040 

0.16097413 0.09150555 0.03703982 -0.04060585 -0.16933679 
-0.10514063 -0.02171063 0.10232141 0.15551176 -0.06021570 
0.03400862 -0.18406029 0.15024184 0.14845139 0.11010489 
-0.01095127 0.11300903 0.08204880 -0.03931534 -0.18756826 
0.13892017 -0.02668980 -0.12606035 0.13976778 -0.13978040 

0.16097413 0.09150555 0.03703982 -0.04060585 -0.16933679 
-0.10514063 -0.02171063 0.10232141 0.15551176 -0.06021570 
0.03400862 -0.18406029 0.15024184 0.14845139 0.11010489 
-0.01095127 0.11300903 0.08204880 -0.03931534 -0.18756826 
0.13892017 -0.02668980 -0.12606035 0.13976778 -0.13978040 

0.16097413 0.09150555 0.03703982 -0.04060585 -0.16933679 
-0.10514063 -0.02171063 0.10232141 0.15551176 -0.06021570 
0.03400862 -0.18406029 0.15024184 0.14845139 0.11010489 
-0.01095127 0.11300903 0.08204880 -0.03931534 -0.18756826 
0.13892017 -0.02668980 -0.12606035 0.13976778 -0.13978040 


0.16287345 0.09318680 0.03869680 -0.03890587 -0.16756316 
-0.10339430 -0.01999595 0.10403275 0.15721641 -0.05830081 
0.03579893 -0.18220617 0.15211643 0.15032823 0.11230978 
-0.00899158 0.11510312 0.08415512 -0.03719875 -0.18509641 
0.14112296 -0.02433270 -0.12381101 0.14199921 -0.13712552 

0.16287345 0.09318680 0.03869680 -0.03890587 -0.16756316 
-0.10339430 -0.01999595 0.10403275 0.15721641 -0.05830081 
0.03579893 -0.18220617 0.15211643 0.15032823 0.11230978 
-0.00899158 0.11510312 0.08415512 -0.03719875 -0.18509641 
0.14112296 -0.02433270 -0.12381101 0.14199921 -0.13712552 

0.16287345 0.09318680 0.03869680 -0.03890587 -0.16756316 
-0.10339430 -0.01999595 0.10403275 0.15721641 -0.05830081 
0.03579893 -0.18220617 0.15211643 0.15032823 0.11230978 
-0.00899158 0.11510312 0.08415512 -0.03719875 -0.18509641 
0.14112296 -0.02433270 -0.12381101 0.14199921 -0.13712552 

0.16287345 0.09318680 0.03869680 -0.03890587 -0.16756316 
-0.10339430 -0.01999595 0.10403275 0.15721641 -0.05830081 
0.03579893 -0.18220617 0.15211643 0.15032823 0.11230978 
-0.00899158 0.11510312 0.08415512 -0.03719875 -0.18509641 
0.14112296 -0.02433270 -0.12381101 0.14199921 -0.13712552 

0.16287345 0.09318680 0.03869680 -0.03890587 -0.16756316 
-0.10339430 -0.01999595 0.10403275 0.15721641 -0.05830081 
0.03579893 -0.18220617 0.15211643 0.15032823 0.11230978 
-0.00899158 0.11510312 0.08415512 -0.03719875 -0.18509641 
0.14112296 -0.02433270 -0.12381101 0.14199921 -0.13712552 

0.16287345 0.09318680 0.03869680 -0.03890587 -0.16756316 
-0.10339430 -0.01999595 0.10403275 0.15721641 -0.05830081 
0.03579893 -0.18220617 0.15211643 0.15032823 0.11230978 
-0.00899158 0.11510312 0.08415512 -0.03719875 -0.18509641 
0.14112296 -0.02433270 -0.12381101 0.14199921 -0.13712552 


0.17120195 0.10176214 0.04742591 -0.03019182 -0.15899099 
-0.09497575 -0.01133185 0.11295250 0.16615423 -0.04962926 
0.04451263 -0.17331020 0.16121039 0.15935105 0.12090209 
-0.00005985 0.12410264 0.09324612 -0.02827784 -0.17666506 
0.14993051 -0.01550305 -0.11491299 0.15064351 -0.12890847 

0.17120195 0.10176214 0.04742591 -0.03019182 -0.15899099 
-0.09497575 -0.01133185 0.11295250 0.16615423 -0.04962926 
0.04451263 -0.17331020 0.16121039 0.15935105 0.12090209 
-0.00005985 0.12410264 0.09324612 -0.02827784 -0.17666506 
0.14993051 -0.01550305 -0.11491299 0.15064351 -0.12890847 

0.17120195 0.10176214 0.04742591 -0.03019182 -0.15899099 
-0.09497575 -0.01133185 0.11295250 0.16615423 -0.04962926 
0.04451263 -0.17331020 0.16121039 0.15935105 0.12090209 
-0.00005985 0.12410264 0.09324612 -0.02827784 -0.17666506 
0.14993051 -0.01550305 -0.11491299 0.15064351 -0.12890847 

0.17120195 0.10176214 0.04742591 -0.03019182 -0.15899099 
-0.09497575 -0.01133185 0.11295250 0.16615423 -0.04962926 
0.04451263 -0.17331020 0.16121039 0.15935105 0.12090209 
-0.00005985 0.12410264 0.09324612 -0.02827784 -0.17666506 
0.14993051 -0.01550305 -0.11491299 0.15064351 -0.12890847 

0.17120195 0.10176214 0.04742591 -0.03019182 -0.15899099 
-0.09497575 -0.01133185 0.11295250 0.16615423 -0.04962926 
0.04451263 -0.17331020 0.16121039 0.15935105 0.12090209 
-0.00005985 0.12410264 0.09324612 -0.02827784 -0.17666506 
0.14993051 -0.01550305 -0.11491299 0.15064351 -0.12890847 

0.17120195 0.10176214 0.04742591 -0.03019182 -0.15899099 
-0.09497575 -0.01133185 0.11295250 0.16615423 -0.04962926 
0.04451263 -0.17331020 0.16121039 0.15935105 0.12090209 
-0.00005985 0.12410264 0.09324612 -0.02827784 -0.17666506 
0.14993051 -0.01550305 -0.11491299 0.15064351 -0.12890847 


0.17057822 0.10099050 0.04664308 -0.03104105 -0.16000064 
-0.09557163 -0.01208086 0.11204851 0.16507299 -0.05085037 
0.04366971 -0.17431187 0.15999680 0.15801606 0.11955126 
-0.00124482 0.12272035 0.09177145 -0.02972464 -0.17809606 
0.14859076 -0.01703123 -0.11642754 0.14925933 -0.13035698 

0.17057822 0.10099050 0.04664308 -0.03104105 -0.16000064 
-0.09557163 -0.01208086 0.11204851 0.16507299 -0.05085037 
0.04366971 -0.17431187 0.15999680 0.15801606 0.11955126 
-0.00124482 0.12272035 0.09177145 -0.02972464 -0.17809606 
0.14859076 -0.01703123 -0.11642754 0.14925933 -0.13035698 

0.17057822 0.10099050 0.04664308 -0.03104105 -0.16000064 
-0.09557163 -0.01208086 0.11204851 0.16507299 -0.05085037 
0.04366971 -0.17431187 0.15999680 0.15801606 0.11955126 
-0.00124482 0.12272035 0.09177145 -0.02972464 -0.17809606 
0.14859076 -0.01703123 -0.11642754 0.14925933 -0.13035698 

0.17057822 0.10099050 0.04664308 -0.03104105 -0.16000064 
-0.09557163 -0.01208086 0.11204851 0.16507299 -0.05085037 
0.04366971 -0.17431187 0.15999680 0.15801606 0.11955126 
-0.00124482 0.12272035 0.09177145 -0.02972464 -0.17809606 
0.14859076 -0.01703123 -0.11642754 0.14925933 -0.13035698 

0.17057822 0.10099050 0.04664308 -0.03104105 -0.16000064 
-0.09557163 -0.01208086 0.11204851 0.16507299 -0.05085037 
0.04366971 -0.17431187 0.15999680 0.15801606 0.11955126 
-0.00124482 0.12272035 0.09177145 -0.02972464 -0.17809606 
0.14859076 -0.01703123 -0.11642754 0.14925933 -0.13035698 

0.17057822 0.10099050 0.04664308 -0.03104105 -0.16000064 
-0.09557163 -0.01208086 0.11204851 0.16507299 -0.05085037 
0.04366971 -0.17431187 0.15999680 0.15801606 0.11955126 
-0.00124482 0.12272035 0.09177145 -0.02972464 -0.17809606 
0.14859076 -0.01703123 -0.11642754 0.14925933 -0.13035698 


