0.16634787 0.09662393 0.04214508 -0.03525227 -0.16373177 
-0.09990419 -0.01650929 0.10767052 0.16109530 -0.05439208 
0.03936302 -0.17862759 0.15587921 0.15427273 0.11614247 
-0.00543886 0.11873639 0.08797929 -0.03326817 -0.18136513 
0.14463181 -0.02070170 -0.12004267 0.14576796 -0.13358192 


0.16634787 0.09662393 0.04214508 -0.03525227 -0.16373177 
-0.09990419 -0.01650929 0.10767052 0.16109530 -0.05439208 
0.03936302 -0.17862759 0.15587921 0.15427273 0.11614247 
-0.00543886 0.11873639 0.08797929 -0.03326817 -0.18136513 
0.14463181 -0.02070170 -0.12004267 0.14576796 -0.13358192 


0.16634787 0.09662393 0.04214508 -0.03525227 -0.16373177 
-0.09990419 -0.01650929 0.10767052 0.16109530 -0.05439208 
0.03936302 -0.17862759 0.15587921 0.15427273 0.11614247 
-0.00543886 0.11873639 0.08797929 -0.03326817 -0.18136513 
0.14463181 -0.02070170 -0.12004267 0.14576796 -0.13358192 


0.16634787 0.09662393 0.04214508 -0.03525227 -0.16373177 
-0.09990419 -0.01650929 0.10767052 0.16109530 -0.05439208 
0.03936302 -0.17862759 0.15587921 0.15427273 0.11614247 
-0.00543886 0.11873639 0.08797929 -0.03326817 -0.18136513 
0.14463181 -0.02070170 -0.12004267 0.14576796 -0.13358192 


0.16634787 0.09662393 0.04214508 -0.03525227 -0.16373177 
-0.09990419 -0.01650929 0.10767052 0.16109530 -0.05439208 
0.03936302 -0.17862759 0.15587921 0.15427273 0.11614247 
-0.00543886 0.11873639 0.08797929 -0.03326817 -0.18136513 
0.14463181 -0.02070170 -0.12004267 0.14576796 -0.13358192 


0.16634787 0.09662393 0.04214508 -0.03525227 -0.16373177 
-0.09990419 -0.01650929 0.10767052 0.16109530 -0.05439208 
0.03936302 -0.17862759 0.15587921 0.15427273 0.11614247 
-0.00543886 0.11873639 0.08797929 -0.03326817 -0.18136513 
0.14463181 -0.02070170 -0.12004267 0.14576796 -0.13358192 


