0.15515551 
0.03978849 
-0.15239089 
-0.16708071 
0.11654638 
-0.10567152 
-0.00118834 
0.07828388 
0.10162217 
-0.12528872 
0.02853755 
-0.10028116 
-0.02916952 
-0.09859426 
0.06319300 
-0.01674342 
0.03741288 
-0.14336420 
-0.13062165 
-0.09241361 
-0.02075355 
0.14967742 
-0.12511942 
-0.02673026 
-0.06983244 
-0.04278116 
-0.10551226 
0.04388426 
0.07464021 
-0.13283949 
-0.04814948 
-0.02348263 
0.08019258 
-0.04940955 
0.05859880 
0.14097495 
0.10758420 
0.15738638 
-0.10759168 
-0.08756532 
-0.07378482 
0.07723205 
0.11335662 
-0.04608524 
-0.09585578 
-0.15543950 
-0.10021145 
-0.10346314 
0.03374982 
0.17218407 
-0.16722189 
-0.08161872 
0.01365014 
0.06160313 
-0.14673854 
0.11306755 
0.08755933 
-0.01166607 
-0.10984739 
-0.16416120 
0.13622246 
-0.04880186 
-0.12590942 
-0.07720056 
0.05467235 
0.09378621 
-0.13668728 
0.13672104 
0.11610970 
0.12938010 
0.00349966 
0.10445202 
0.14558010 
0.09897565 
0.02225621 
0.15252964 
-0.11324022 
-0.16981931 
-0.05406558 
0.00914203 
-0.10375293 
-0.02080083 
0.15312371 
-0.12259954 
-0.09761232 
-0.14881110 
0.15212883 
0.15724962 
0.15804981 
-0.16621426 
-0.16297321 
-0.12576275 
-0.10789189 
0.14376709 
-0.16944249 
-0.08161803 
0.16216759 
0.05991905 
-0.05665584 
0.07879643 
-0.11828593 
0.15159270 
0.09890025 
-0.08559504 
0.13228080 
-0.08524579 
0.02265667 
0.02947171 
-0.13931120 
0.10285256 
0.11594564 
-0.15570041 
0.08570721 
-0.05414135 
0.00548612 
-0.10210259 
-0.15750225 
0.09405772 
0.16356098 
0.15589599 
-0.14583290 
0.10813681 
0.15346854 
-0.15227160 
0.16839039 
0.14573178 
-0.03068106 
-0.02042348 
-0.16725940 
0.01735326 
-0.15568546 
0.16882255 
0.00233262 
0.05143473 
-0.09013872 
0.08334815 
0.06109779 
-0.12547953 
-0.05178350 
-0.04006975 
0.16496398 
0.09189284 
0.04327506 
-0.01919329 
0.04713911 
0.03014026 
-0.09228162 
-0.02146258 
-0.13884323 
-0.05809693 
0.15459988 
0.08406480 
-0.06577800 
-0.02002415 
-0.01651616 
-0.16076652 
0.04861258 
0.04603140 
-0.08243610 
0.04699794 
0.13037347 
-0.00514138 
0.00929137 
-0.12138906 
-0.09261938 
-0.10444851 
-0.06728211 
-0.03865050 
-0.02843849 
0.12086272 
0.06837061 
-0.01510809 
-0.11851842 
-0.16622362 
0.06746206 
0.17028393 
-0.05764342 
0.00782197 
0.16237392 
0.10875910 
0.04013750 
0.13291424 
0.11358901 
0.10715546 
-0.15255965 
0.00864797 
-0.01041704 
-0.10976850 
-0.15008835 
-0.10431916 
-0.04578017 
-0.03533553 

-0.09267413 
0.10062807 
-0.05071503 
0.08506480 
-0.16557593 
0.06281070 
0.13779683 
-0.06573596 
0.15746982 
-0.16829307 
-0.02637015 
-0.04142553 
-0.06721520 
0.04946050 
-0.09907803 
-0.15721517 
-0.16691323 
-0.01573337 
-0.01697467 
-0.08985661 
-0.05513403 
-0.08119225 
0.10987226 
0.12270162 
-0.15539963 
-0.16894117 
0.13953517 
0.06862113 
0.00389895 
0.05682423 
0.01672193 
0.04628027 
-0.02680780 
-0.00058439 
-0.10310521 
0.03317552 
0.03795516 
-0.12162310 
-0.00322481 
0.03011159 
-0.03649326 
-0.07526893 
-0.11503369 
-0.06806481 
0.07020793 
0.08801291 
-0.01547949 
-0.15528561 
0.15481810 
-0.09927516 
-0.07300785 
0.08742554 
0.04253286 
-0.14672755 
-0.10573868 
0.14392821 
0.05624047 
0.14262046 
0.00067019 
0.12761006 
0.15248690 
-0.07401225 
-0.16459226 
-0.04534129 
0.12534144 
-0.04142574 
-0.11811297 
-0.06110529 
0.10460068 
0.11556090 
0.07375038 
0.05785497 
0.02109380 
0.04086747 
0.09210052 
0.09311777 
-0.12730619 
0.03058765 
0.02170263 
0.10089822 
0.06006987 
0.06929079 
0.11669702 
0.05223831 
0.05232059 
-0.12918079 
-0.05864408 
-0.10470719 
0.06199552 
0.13027302 
0.10122438 
-0.08925474 
0.16934838 
-0.12985244 
-0.03553633 
0.07368979 
-0.00450684 
0.00512911 
-0.07752107 
0.15686840 
-0.02883233 
0.11471286 
0.05376564 
-0.02309804 
-0.01468168 
0.02925976 
0.03857041 
0.02018460 
0.04722117 
-0.02239594 
-0.12225432 
-0.04131052 
-0.04340841 
0.16124800 
-0.14121740 
0.03216065 
-0.04448605 
-0.06987782 
-0.03372709 
-0.01457605 
0.07614742 
-0.01164080 
0.03904351 
0.03019048 
0.06602897 
-0.08902613 
-0.02592518 
-0.17019914 
0.04847775 
0.09554726 
-0.01363626 
-0.11982223 
0.13240695 
-0.13276978 
-0.16684637 
0.17056432 
0.02970489 
0.08796882 
-0.07648160 
0.12490384 
0.03492326 
-0.15670782 
0.16930076 
-0.02646223 
0.09274984 
0.14621251 
-0.06277548 
0.03164143 
-0.07133416 
0.02593266 
-0.01664086 
-0.06939877 
-0.17122239 
-0.15690253 
-0.11144832 
0.12304692 
0.17093495 
0.15338174 
0.07032135 
0.01128340 
-0.16484647 
-0.02026119 
0.14484193 
-0.12124771 
0.11900751 
0.01011489 
0.10817762 
0.16104537 
0.11565404 
0.07345678 
-0.17163737 
0.11651773 
0.14651789 
0.11028544 
-0.09610795 
-0.14896992 
-0.07154998 
-0.12782997 
0.15775609 
-0.16372484 
0.04446715 
0.15956021 
-0.12323761 
-0.03250160 
-0.07205133 
0.02091342 
0.00200073 
-0.03335533 
-0.13086330 
0.00347131 
-0.02362543 
-0.00246506 

0.03682768 
0.14539513 
0.10794567 
-0.01892477 
0.06248460 
-0.06798533 
0.11086268 
0.11667654 
0.00778669 
0.13577308 
0.00534676 
0.09766083 
0.12904099 
-0.06203212 
0.11693237 
-0.16297503 
-0.16670810 
-0.02005126 
0.07441291 
-0.15519557 
-0.06403762 
-0.11709141 
-0.02407113 
-0.00336074 
0.06658756 
-0.02762429 
0.02385460 
-0.03543977 
0.09527301 
-0.04640441 
-0.08211588 
0.10445045 
0.15903008 
-0.02259776 
-0.07821447 
-0.05895757 
0.06945268 
0.12751255 
-0.03127232 
0.00208657 
0.00103907 
-0.08209896 
-0.03656964 
0.12127770 
0.00760420 
0.13608840 
-0.14440011 
0.02299426 
-0.07279955 
-0.00054813 
0.10917440 
0.05502812 
0.06407460 
-0.14798646 
-0.04149937 
-0.13336790 
0.13218676 
-0.09355716 
-0.02681874 
-0.16308138 
-0.05684527 
0.12706525 
-0.08196771 
-0.16790370 
0.02330915 
-0.02013496 
-0.03187875 
0.08065642 
0.06817465 
-0.05753063 
0.00524203 
-0.16764862 
0.05250495 
-0.16699556 
0.09646790 
0.08183113 
-0.09693361 
0.01451765 
-0.13136568 
-0.10581750 
0.14721859 
0.03781777 
-0.08326790 
0.15376215 
-0.15415402 
-0.11507391 
0.07048459 
0.09520107 
-0.15339811 
-0.05082752 
0.17208034 
0.14736097 
0.07308478 
-0.16771099 
0.05165819 
0.16462433 
0.10942855 
-0.09596909 
-0.15699726 
0.05389282 
-0.13993252 
-0.01034836 
-0.17233175 
0.11801607 
0.10313234 
0.00817042 
-0.13685042 
-0.10316754 
-0.01966520 
0.16584471 
-0.11322401 
-0.03006008 
-0.01577426 
-0.00695987 
0.08110975 
0.15564953 
0.06662950 
-0.11104070 
-0.12709493 
0.01271243 
0.09131261 
0.07661987 
0.09752273 
-0.02891835 
-0.08904717 
0.05520451 
0.15658842 
-0.07172981 
0.08194063 
0.03803680 
0.10339026 
-0.10226203 
0.03983527 
-0.00916457 
-0.03972746 
0.12641480 
-0.14995105 
-0.06438243 
-0.14031555 
0.12308327 
-0.04763422 
-0.11543267 
-0.04852492 
0.17103488 
-0.15372149 
-0.05858053 
0.09954396 
-0.13287520 
0.06159891 
-0.12518513 
-0.05801391 
-0.10987950 
-0.02157460 
0.16013774 
0.04024791 
0.06294437 
-0.00015772 
-0.17032188 
-0.07015300 
-0.10040279 
0.14609131 
0.04360292 
-0.04166086 
0.04792984 
0.07802293 
0.00144523 
0.06276615 
-0.14934610 
0.10503738 
-0.14462377 
0.11602412 
0.11136900 
-0.10266445 
-0.15256421 
0.04321945 
0.16306825 
-0.03361266 
-0.17104394 
0.07608222 
-0.02612649 
-0.11145990 
0.09293989 
-0.06148179 
0.10169321 
0.06069160 
0.11237958 
0.06493517 
0.06506507 
-0.16223170 
-0.09999903 
-0.06827632 
0.16160626 

-0.00483172 
0.08210789 
-0.16894640 
0.14884260 
-0.04154181 
0.01436460 
0.04994930 
0.02346396 
0.13103160 
-0.10370440 
-0.05723543 
0.06233590 
-0.16717186 
0.15859184 
0.04439089 
-0.06456578 
-0.10682850 
-0.05058325 
0.13540896 
-0.14532721 
-0.04650626 
0.12851985 
0.13454038 
0.10889987 
0.05174033 
0.08743764 
0.04542680 
-0.02977134 
-0.00367252 
-0.12407343 
0.03355389 
-0.14343247 
-0.14750733 
0.02152885 
0.04351194 
-0.00751619 
-0.14056630 
0.09287230 
-0.01257240 
-0.01214039 
0.07651445 
0.07185822 
0.00715492 
0.08944021 
0.14921572 
-0.07371229 
0.12102873 
-0.13031913 
0.13402710 
-0.07221680 
0.16734179 
-0.09855996 
0.06112955 
-0.16823317 
-0.07706094 
0.10758699 
-0.07853528 
0.12479362 
0.05529788 
0.00673136 
-0.02159013 
0.04357331 
-0.13218377 
0.13415583 
0.16561757 
-0.00583907 
-0.03179532 
-0.03071053 
-0.01313694 
0.13122570 
0.03649099 
0.02122585 
0.09399020 
0.13472384 
-0.00548132 
0.12624731 
-0.13598732 
0.05291833 
-0.11408539 
0.14118558 
-0.05383501 
-0.06897761 
-0.15755890 
0.10888333 
-0.09331120 
0.14181189 
0.15284476 
0.03905201 
0.03441440 
0.07656958 
-0.13434727 
-0.03753655 
0.12800604 
-0.04491644 
-0.14304655 
0.04726470 
0.04879831 
0.07755870 
-0.13998022 
0.08352040 
-0.01725301 
0.04476351 
-0.12710923 
-0.10875380 
-0.12613032 
-0.11601642 
-0.11777543 
-0.14221196 
-0.14946423 
-0.13926971 
-0.14889025 
-0.03398953 
-0.15905397 
-0.04538630 
-0.17072126 
-0.08263194 
0.15022493 
0.06576675 
0.07746375 
-0.14942798 
0.05444219 
0.17057686 
-0.17125852 
-0.10807950 
0.10678999 
-0.05780917 
0.13147156 
0.06613879 
-0.16312250 
0.16841374 
-0.07258051 
0.11006555 
-0.15635455 
0.06314086 
0.08868905 
-0.00489021 
0.13071091 
-0.01266656 
-0.08943688 
0.11008178 
-0.09258269 
0.09554787 
-0.07721384 
0.03933549 
-0.13276417 
-0.10149740 
0.04634121 
-0.06233197 
0.16537987 
0.12677655 
-0.16967088 
-0.02923266 
0.06080739 
-0.16770512 
0.00633547 
0.10404518 
-0.02411058 
0.10912877 
-0.14398053 
0.05988250 
0.04571201 
-0.14553434 
0.04787716 
-0.14016067 
0.06710713 
-0.00571954 
0.13182267 
-0.06317233 
-0.16918428 
0.10985271 
0.13423085 
0.01451566 
-0.16943335 
-0.14127920 
0.00458188 
0.14573106 
-0.16058729 
-0.06003949 
0.05100169 
-0.16069425 
-0.03174015 
-0.04551899 
0.10958029 
-0.16566641 
0.15585288 
-0.07291581 
-0.10586666 
-0.06001313 
0.12587687 
0.02756999 
-0.02337818 
0.11272494 

0.13487723 
-0.11158814 
-0.12447106 
-0.01172144 
0.11436710 
-0.12034094 
0.10960289 
-0.04466728 
-0.11272907 
-0.06937836 
-0.02312649 
-0.01341016 
0.09236009 
0.07811793 
-0.12623524 
-0.16791188 
0.02996001 
-0.11939877 
-0.07820954 
0.04853780 
-0.03679937 
-0.09035030 
0.08097074 
-0.01352229 
0.16648154 
0.10129495 
-0.09154546 
0.05350050 
-0.10826591 
0.02301598 
-0.15535982 
0.15354701 
0.01840925 
0.04019825 
0.01270245 
0.03349389 
-0.02589004 
-0.01924699 
0.03824124 
0.01427673 
-0.06679817 
0.09784365 
0.07518537 
0.15502797 
0.07354136 
-0.08575893 
0.02138762 
0.00762173 
-0.13732990 
0.05954689 
-0.16636073 
0.03519878 
0.12988992 
-0.09404766 
0.09337053 
0.14072443 
-0.02777082 
0.05398500 
0.05985663 
-0.10606438 
-0.00994230 
-0.08921557 
-0.14845212 
0.12616401 
0.10059173 
0.03726305 
-0.15418280 
-0.03454016 
-0.14386967 
-0.00700178 
0.16086819 
-0.01566244 
-0.13574766 
0.09020673 
0.10417018 
0.16922546 
-0.12359728 
-0.06430728 
-0.07621276 
0.14552729 
0.03257086 
0.12272281 
-0.17031706 
0.14830229 
0.05771235 
-0.12537781 
0.02812483 
-0.11640896 
-0.03683161 
0.16147079 
0.04225952 
0.00388218 
-0.00702095 
0.06846980 
0.09265621 
0.01582964 
-0.06674963 
-0.14882150 
-0.03102309 
-0.05343882 
0.12724352 
-0.15228867 
-0.00176663 
0.00281930 
-0.14983246 
-0.00468844 
-0.02976412 
0.14933043 
-0.04333021 
0.00947294 
0.11168386 
-0.02723158 
0.02151975 
0.09119392 
0.03554561 
0.00505924 
-0.00772949 
-0.08136608 
0.13771033 
-0.00211293 
0.10699502 
-0.04739397 
0.10235870 
-0.15031605 
0.14977227 
-0.00801303 
0.06845138 
-0.00246479 
-0.13713442 
-0.15570994 
0.06725003 
-0.15220335 
0.15577422 
-0.12639866 
0.02590699 
0.13901574 
-0.00416755 
-0.05534560 
0.13844397 
-0.08765663 
-0.01732746 
-0.10052963 
0.06139524 
0.15306558 
0.11925981 
-0.04671006 
0.05507571 
0.04200175 
-0.03466434 
-0.05885040 
-0.11518196 
0.12661879 
0.11130520 
0.01793203 
-0.04670802 
0.14397642 
0.11346145 
0.06579643 
0.12939135 
-0.08896182 
-0.14928023 
0.01518807 
-0.11245927 
0.14779950 
-0.04029222 
-0.04218550 
-0.14415014 
-0.12866501 
0.04988138 
-0.05206255 
-0.16553748 
-0.14049909 
0.06518500 
0.06778507 
0.02609590 
0.15812051 
-0.07325756 
-0.04799380 
0.12498497 
0.06090807 
0.07105435 
-0.14885984 
-0.07121886 
0.15740542 
-0.15846386 
-0.08523799 
-0.07804996 
0.14590229 
-0.02957525 
0.16518057 
0.06567186 
-0.12809220 

0.09034242 
-0.03250222 
-0.10245415 
-0.02804080 
0.00096958 
0.06821382 
0.05522900 
0.06988262 
0.16536443 
0.05564780 
-0.09446261 
0.02337995 
0.16229601 
-0.03034894 
-0.10094871 
-0.03999543 
-0.15249781 
0.06054313 
-0.08452882 
-0.10654862 
0.03154791 
0.05026672 
0.06456875 
-0.01469956 
0.01815599 
0.14475547 
0.01681476 
0.11636254 
0.06915722 
0.11133806 
0.02449288 
0.14337162 
-0.07170127 
-0.13327823 
-0.15183499 
-0.11669557 
-0.04288761 
0.04157667 
-0.14781437 
0.15246598 
-0.13368368 
0.16757422 
0.02384900 
0.01997088 
-0.09374254 
0.14916027 
-0.06228694 
-0.13199592 
-0.14983217 
0.15786541 
0.11009187 
0.03617088 
-0.16790226 
0.00560192 
-0.06413666 
-0.11844406 
-0.09892850 
0.13483719 
0.15763760 
0.07434607 
-0.12087957 
0.16479044 
0.12165196 
-0.08470887 
-0.11974785 
-0.11168138 
0.15228970 
0.00190346 
0.11054826 
0.02096298 
0.11103097 
0.13958235 
-0.17197552 
0.14030131 
-0.00999185 
0.00135381 
-0.01483264 
-0.09266713 
0.01958350 
-0.16777270 
0.03980733 
-0.13371523 
0.02565120 
-0.06551150 
-0.06516946 
0.04032727 
0.13103572 
-0.16164144 
-0.09811071 
-0.11868814 
-0.12664918 
-0.14032504 
-0.00137707 
0.13420448 
0.16190195 
0.11997219 
0.05547186 
0.15997946 
0.10922993 
0.13236891 
-0.03735857 
0.01454162 
-0.15913240 
-0.01646256 
-0.04303651 
-0.00135782 
0.02082294 
-0.08293956 
-0.08648203 
0.01573370 
-0.12616698 
-0.04241295 
-0.04401285 
-0.04234564 
0.15747782 
0.04699238 
-0.12784586 
-0.01456697 
-0.11350629 
-0.02842288 
-0.04334727 
0.07956438 
0.04888292 
-0.14656855 
-0.12794810 
-0.01076357 
-0.06707647 
-0.14357151 
0.13557739 
0.16730925 
-0.08297438 
0.01327294 
-0.11408224 
-0.01238192 
-0.03168210 
-0.16534328 
0.13493810 
-0.16902894 
-0.06058085 
0.13704511 
0.04932580 
-0.08556051 
0.00302042 
0.14204089 
-0.11292652 
0.16397458 
0.01295468 
0.13599910 
0.11060592 
-0.00413564 
0.11311618 
0.04306564 
0.08818758 
0.14969917 
0.09420740 
-0.03856751 
-0.13212142 
0.16579112 
-0.14564861 
0.07601448 
0.04573105 
-0.10027163 
0.09851275 
-0.00512354 
-0.00694811 
0.00679718 
-0.00178355 
-0.13243024 
-0.13361851 
-0.11631689 
-0.13842103 
-0.07056638 
-0.03413555 
-0.12162451 
-0.07333511 
0.02177195 
-0.09664400 
0.17028933 
-0.16169138 
-0.05930154 
-0.02420068 
-0.13480986 
-0.14478694 
0.12233627 
0.11085833 
-0.08953416 
0.14695099 
0.08863178 
0.10062619 
-0.01133264 
0.00423539 
0.11797454 

-0.01500520 
0.15010248 
-0.10384790 
0.11933940 
0.07220290 
-0.04192373 
-0.05447130 
0.01605266 
-0.07878007 
-0.07431242 
0.02750871 
0.10141176 
0.16892706 
0.08429962 
0.03695051 
0.06311842 
-0.04564810 
0.06866704 
0.12602023 
0.11852872 
-0.13106992 
0.16093189 
-0.05304382 
-0.01699710 
-0.03444376 
0.11882240 
0.14876289 
-0.04425555 
0.16638538 
0.05995853 
0.06923368 
0.03515415 
0.12338680 
0.13727379 
-0.14168118 
0.11356681 
-0.11507368 
0.15569323 
-0.06401591 
-0.05454422 
-0.01954744 
-0.00918853 
-0.01350976 
-0.16743950 
-0.01735791 
-0.12719702 
-0.04312110 
0.09303847 
-0.09158449 
0.09187791 
0.04175542 
0.05497875 
-0.06535265 
-0.01440663 
0.04763396 
-0.13025226 
-0.16007451 
-0.00408682 
-0.10621110 
-0.08594085 
-0.12551426 
0.04842935 
-0.11018714 
0.02394934 
0.11479149 
-0.17164730 
-0.12065161 
-0.11398729 
-0.10581324 
0.03995267 
-0.06281970 
-0.07508788 
0.01439560 
0.08912627 
-0.10245633 
0.04449463 
0.09931687 
-0.02893204 
-0.00496729 
0.09222195 
-0.17118248 
-0.07184725 
0.08407081 
-0.07968666 
-0.06665191 
-0.07962995 
0.08603889 
-0.07285774 
-0.10947399 
-0.11617619 
-0.06548102 
-0.16486608 
-0.07323585 
0.03232185 
0.07403867 
0.10413034 
-0.04894022 
-0.10076814 
0.12771390 
-0.05265359 
-0.08521325 
-0.01526086 
-0.09395042 
-0.06011947 
-0.04359549 
0.11829591 
-0.07973485 
-0.10196946 
0.14645069 
-0.07433511 
0.13263237 
0.14040523 
0.10091991 
0.13798195 
-0.03535429 
-0.03413850 
-0.00557324 
0.11846768 
-0.15751389 
-0.07160712 
-0.06679027 
0.05158901 
-0.11082552 
-0.06547838 
0.06439754 
0.07098185 
0.11351574 
-0.10485943 
0.09095585 
-0.10177478 
0.07349837 
-0.10680136 
0.11260057 
-0.14778626 
-0.10488665 
0.04714940 
0.09041063 
-0.05728715 
0.02506019 
0.03589044 
-0.08782123 
-0.03566730 
-0.07691445 
0.10856967 
-0.15959780 
0.07476145 
0.14450019 
0.15979394 
-0.12697750 
-0.02359867 
0.04942894 
-0.15331777 
-0.11628533 
0.13739688 
0.11315412 
-0.00965792 
0.03401559 
-0.14830687 
0.08306512 
-0.03448149 
0.08746330 
-0.07927939 
-0.04631577 
-0.11607637 
0.16099790 
0.10884270 
-0.02401435 
-0.11569293 
-0.09799496 
0.01370181 
-0.04337744 
0.03524041 
-0.04150668 
-0.15249861 
0.13535488 
0.15529201 
0.02272474 
0.15165126 
-0.04623065 
0.02070473 
-0.09963905 
0.15056848 
0.14763416 
0.16762794 
-0.09526566 
0.01774884 
-0.09143244 
-0.03408561 
0.10905929 
0.10413746 
0.16937203 
0.09977924 

-0.16596746 
0.14370321 
0.03577633 
0.00866984 
-0.02451016 
0.12409276 
-0.07247959 
-0.01899930 
-0.08536984 
-0.01060811 
0.08974547 
-0.15194579 
0.09956802 
-0.07998649 
0.04477117 
-0.14034354 
0.04531003 
0.07842035 
-0.09225642 
-0.11240365 
-0.15920284 
0.05685030 
-0.11511482 
-0.03025730 
-0.10382488 
-0.04558439 
-0.05680596 
-0.02576456 
0.10569527 
0.17215499 
0.15934660 
-0.08494545 
-0.05661372 
0.08774157 
-0.07882801 
0.15722129 
0.11483431 
0.04826007 
0.03735887 
-0.03384716 
-0.01145665 
0.13884802 
-0.01885217 
0.03315137 
-0.11298981 
0.15194653 
0.12677586 
-0.04306714 
0.14928512 
0.05726136 
0.02075800 
-0.10914170 
0.09619610 
0.07004236 
0.16771522 
0.09053877 
-0.14436910 
0.16981052 
-0.13401019 
0.14954929 
0.01120185 
-0.09311874 
-0.16117111 
-0.11744835 
-0.10621196 
0.10003760 
-0.03985522 
0.00852955 
-0.01883573 
0.05580513 
0.03022829 
-0.14992874 
-0.16998168 
-0.04111132 
0.02744254 
0.10086014 
-0.07546528 
-0.06935225 
0.15587727 
0.15419498 
0.16614539 
-0.13875649 
0.10576181 
0.01256434 
0.07606637 
-0.09628459 
-0.04149482 
0.16237161 
-0.14588908 
-0.06432025 
-0.12588539 
-0.11735528 
-0.15133953 
-0.11833556 
0.09718971 
0.05801370 
0.15104340 
-0.11680950 
-0.16457095 
-0.15184442 
-0.05019324 
0.12515278 
-0.05932719 
-0.04133662 
-0.00550734 
0.10554377 
0.09797985 
-0.15538379 
0.04463724 
-0.04453316 
0.00507985 
0.05865336 
0.10176346 
-0.10911812 
0.07981347 
-0.00461496 
0.15359333 
0.13149915 
-0.00718363 
-0.07250095 
-0.04456868 
0.06250595 
0.01013417 
0.15307207 
-0.06988785 
-0.08963711 
0.16221316 
0.16462261 
0.02849372 
0.14217717 
0.07595945 
0.03429013 
0.03839060 
0.02799526 
0.00419638 
0.15306200 
0.05353217 
-0.08726774 
-0.10855523 
-0.12418135 
-0.01102542 
-0.00665673 
0.02717571 
0.06536614 
-0.06461078 
0.04939756 
0.09668791 
-0.16542980 
0.11888088 
-0.08253916 
-0.06126015 
-0.03305832 
0.01793878 
0.04066999 
-0.06259930 
-0.14199258 
-0.09609138 
-0.15685000 
-0.12923495 
-0.03652485 
0.09295034 
-0.07180552 
0.09545941 
-0.07709288 
0.09773232 
-0.10043304 
-0.05326938 
-0.13996254 
0.14107760 
0.14591699 
0.16113577 
-0.10932268 
0.13897460 
-0.15050666 
-0.14042963 
-0.06265653 
0.12756769 
-0.02270201 
-0.14000640 
-0.02591831 
0.03136342 
0.00381072 
-0.11485978 
-0.08593256 
0.17224114 
-0.09812081 
-0.12823130 
-0.10474847 
-0.03608354 
-0.02311213 
-0.10889773 
-0.05348493 

0.11078615 
-0.03092905 
-0.07852477 
-0.10249478 
-0.06734663 
0.12190174 
-0.05473915 
0.06706558 
0.12951485 
-0.15001603 
0.01027976 
0.03545805 
-0.02114385 
-0.02070755 
-0.04464547 
-0.16016469 
0.07501663 
-0.00745071 
0.10508654 
-0.11347475 
-0.01427091 
0.12766700 
-0.11870724 
0.13843129 
0.04315566 
0.04163913 
0.05361015 
0.03262961 
0.07016794 
0.15912191 
0.08635138 
0.12872513 
0.06211464 
0.10034754 
-0.03134195 
0.03293453 
0.11672606 
-0.08709389 
-0.11201762 
-0.06628824 
-0.16728927 
-0.01686960 
-0.14210072 
0.10899326 
0.16159808 
0.06957697 
-0.04405970 
0.11146866 
-0.15058588 
-0.12721000 
-0.08823002 
0.04706649 
-0.06642330 
0.02843145 
0.00099126 
0.07645256 
0.12083721 
-0.04366341 
0.02242348 
-0.12505758 
0.07782754 
0.06250459 
0.08063227 
0.03252656 
0.04790742 
0.00469073 
-0.06512641 
0.04867129 
-0.16787905 
0.04020243 
-0.12746615 
-0.00806857 
-0.01677347 
-0.05821459 
0.05739114 
-0.01770016 
-0.09486354 
0.05943727 
-0.09240447 
0.10799359 
0.13770856 
-0.03534876 
0.04741936 
-0.11606494 
0.15662983 
0.07338506 
0.07774894 
0.15528307 
-0.16978662 
-0.16221794 
-0.09536693 
0.11875154 
-0.08187524 
-0.06318551 
-0.09045895 
0.05893617 
-0.00425108 
0.04764367 
0.07830586 
0.07528554 
0.08375232 
0.12243320 
0.13769329 
0.13321616 
0.16181837 
0.12332547 
-0.03864993 
0.03659272 
0.13039963 
-0.15004654 
0.15981101 
0.15919158 
-0.04035833 
-0.04538984 
0.06364334 
0.08633066 
-0.04558741 
0.06894508 
-0.13996651 
0.08749843 
0.07126387 
-0.16972174 
-0.09694658 
0.16570214 
0.05074569 
0.07486778 
-0.06890279 
-0.04612010 
0.06391615 
0.05706222 
0.08040838 
-0.07160680 
0.11971100 
0.02274233 
0.07353834 
-0.15828894 
0.16251543 
0.17029834 
0.08200550 
-0.11674637 
-0.00088524 
0.00320243 
0.11127847 
-0.06595524 
0.10936379 
0.09739839 
-0.05973168 
-0.13420480 
-0.09212671 
0.16648672 
-0.16325614 
-0.06826254 
0.00864957 
0.06891218 
0.03308329 
0.14653001 
-0.03492517 
0.08270989 
-0.01940165 
-0.03050438 
0.10617725 
0.11106653 
-0.05441074 
-0.12720003 
-0.03111318 
-0.03833134 
0.14258474 
0.01107578 
-0.12247613 
-0.02167294 
0.04121999 
0.08037168 
0.15281890 
0.07680737 
-0.07152870 
-0.08069317 
-0.08445395 
0.15011475 
-0.05699467 
-0.12060702 
0.11623079 
-0.09951995 
-0.03902846 
-0.00602696 
-0.08254465 
0.05704400 
-0.03011985 
-0.03437414 
0.11235053 
-0.08921198 
0.02032580 
0.08220754 

-0.01906025 
0.13568745 
-0.10381601 
0.05933424 
-0.10697356 
0.03225029 
0.01174673 
0.04181451 
0.08179724 
0.16832466 
0.04843822 
-0.15501829 
-0.00058208 
0.14938222 
0.02590276 
0.03874171 
0.06641141 
0.01890354 
0.14077096 
0.17037920 
0.12748994 
-0.16892364 
-0.10646943 
-0.17042076 
0.08043806 
0.07971919 
-0.03725965 
0.02265949 
-0.00518287 
-0.15205624 
0.08272344 
0.00461910 
-0.15392369 
0.10856114 
-0.00894768 
-0.16243625 
-0.01667821 
-0.05077230 
0.04171707 
-0.03048173 
0.05654720 
0.10496420 
-0.01948083 
0.16444944 
-0.04973336 
0.11984095 
-0.14694520 
-0.15627044 
-0.08127205 
-0.13945749 
0.11099312 
-0.11364148 
0.14707217 
0.00317323 
0.15431932 
0.05226888 
-0.05508043 
0.01081582 
0.16171739 
0.00745303 
-0.03491615 
0.05715784 
0.01258702 
-0.05821828 
0.05825281 
-0.09884725 
-0.11425319 
-0.16676237 
-0.06592498 
0.06381609 
-0.08467188 
0.16673114 
-0.10490255 
0.00140580 
0.06092940 
0.00839568 
0.14093544 
0.15106341 
-0.00735626 
0.14609031 
0.06644172 
-0.05745563 
-0.08573454 
-0.09961983 
-0.12714327 
0.01688863 
-0.11623042 
-0.09373947 
0.09954090 
-0.04907534 
-0.03565939 
0.13069079 
-0.10814300 
-0.09189617 
-0.10487887 
0.11052299 
-0.14098194 
-0.17226685 
0.11995572 
0.15794234 
0.05199044 
-0.00956322 
-0.06420542 
0.09005423 
-0.05444012 
0.03783126 
-0.16166572 
0.01597599 
0.04883390 
0.01544528 
-0.13081207 
-0.11616799 
-0.08521113 
0.14389368 
0.16493568 
-0.12884662 
-0.05911948 
0.08813438 
0.05172083 
-0.13898089 
-0.11431115 
0.05313388 
0.01656324 
0.01899781 
-0.01249201 
0.12588001 
0.17167757 
-0.12428441 
0.16101672 
-0.01298747 
0.04216631 
-0.14087944 
-0.13300828 
-0.08435891 
0.12663449 
-0.07387706 
-0.11335539 
0.13979528 
-0.13382407 
0.13206934 
-0.14650575 
0.04301624 
0.15216538 
0.02005982 
-0.09146834 
-0.01155341 
0.08229421 
-0.03342812 
-0.14919791 
0.16052189 
-0.04982752 
-0.11984226 
0.14454799 
0.15135209 
0.09714014 
0.06152040 
-0.06854100 
0.10999837 
0.03187810 
-0.12073019 
0.01493679 
-0.03050578 
0.09450599 
-0.16434174 
0.15764966 
-0.15644053 
-0.11713577 
0.09044845 
-0.10082974 
0.01383085 
0.05861069 
0.01685262 
-0.00896903 
-0.16072657 
0.11095555 
-0.15129032 
0.03164620 
-0.00109166 
-0.16981976 
-0.15016006 
0.13383931 
-0.02719437 
-0.00482196 
-0.06045450 
-0.09296907 
-0.06588279 
0.04643732 
-0.11909925 
-0.05596979 
0.04640368 
-0.00446403 
-0.15183287 

