0.09964064 
-0.01637768 
-0.20807018 
-0.22211688 
0.06159210 
-0.16088396 
-0.05641634 
0.02338914 
0.04656506 
-0.18081505 
-0.02717401 
-0.15494981 
-0.08368649 
-0.15349364 
0.00829660 
-0.07088911 
-0.01810198 
-0.19953037 
-0.18630094 
-0.14744978 
-0.07570783 
0.09446498 
-0.18034742 
-0.08162501 
-0.12488955 
-0.09830749 
-0.16122382 
-0.01078439 
0.02012325 
-0.18773886 
-0.10304588 
-0.07762832 
0.02467771 
-0.10557571 
0.00291951 
0.08593877 
0.05262992 
0.10217394 
-0.16281968 
-0.14246007 
-0.12884193 
0.02170572 
0.05764507 
-0.10075389 
-0.15037275 
-0.21033887 
-0.15510785 
-0.15760883 
-0.02176505 
0.11601790 
-0.22290119 
-0.13665489 
-0.04130413 
0.00639069 
-0.20196654 
0.05817281 
0.03250221 
-0.06719241 
-0.16555895 
-0.21882985 
0.08170550 
-0.10370123 
-0.18080582 
-0.13134625 
-0.00084252 
0.03762005 
-0.19236658 
0.08168487 
0.06115542 
0.07416766 
-0.05172834 
0.04955728 
0.09052299 
0.04344932 
-0.03345534 
0.09786099 
-0.16775719 
-0.22471868 
-0.10896198 
-0.04500366 
-0.15926780 
-0.07696700 
0.09744441 
-0.17763571 
-0.15256660 
-0.20402354 
0.09690083 
0.10235488 
0.10299270 
-0.22174059 
-0.21868477 
-0.18043140 
-0.16240886 
0.08886772 
-0.22433889 
-0.13576372 
0.10665272 
0.00375289 
-0.11233514 
0.02376026 
-0.17324021 
0.09638026 
0.04367225 
-0.14048979 
0.07722369 
-0.14077212 
-0.03305489 
-0.02519694 
-0.19382816 
0.04795319 
0.06104924 
-0.20984610 
0.03019234 
-0.11030752 
-0.05019317 
-0.15713876 
-0.21245653 
0.03884528 
0.10833298 
0.10100125 
-0.20089001 
0.05261047 
0.09775699 
-0.20694026 
0.11387342 
0.09083241 
-0.08557746 
-0.07456917 
-0.22277427 
-0.03881291 
-0.21136475 
0.11378638 
-0.05262166 
-0.00377771 
-0.14536672 
0.02845340 
0.00604068 
-0.18100587 
-0.10749506 
-0.09473841 
0.11044702 
0.03699347 
-0.01162134 
-0.07333898 
-0.00837576 
-0.02602590 
-0.14796091 
-0.07649875 
-0.19379751 
-0.11330937 
0.09937188 
0.02917006 
-0.12083512 
-0.07555048 
-0.07222772 
-0.21543517 
-0.00590439 
-0.00886797 
-0.13733250 
-0.00714775 
0.07485860 
-0.06130755 
-0.04638793 
-0.17642523 
-0.14757365 
-0.15966095 
-0.12251011 
-0.09354524 
-0.08349561 
0.06533639 
0.01265905 
-0.06977674 
-0.17303538 
-0.22112299 
0.01256567 
0.11613824 
-0.11315829 
-0.04834420 
0.10669463 
0.05372293 
-0.01481678 
0.07770180 
0.05836100 
0.05226072 
-0.20761676 
-0.04687836 
-0.06612860 
-0.16443715 
-0.20460532 
-0.15921853 
-0.10067657 
-0.08948122 

-0.19308390 
-0.00121475 
-0.15140919 
-0.01438841 
-0.26478317 
-0.03696007 
0.03866197 
-0.16506759 
0.05784271 
-0.26818797 
-0.12695900 
-0.14062877 
-0.16612097 
-0.04936913 
-0.19854121 
-0.25499176 
-0.26732300 
-0.11757619 
-0.11766884 
-0.18930982 
-0.15434127 
-0.18096302 
0.01073740 
0.02336999 
-0.25502674 
-0.26883607 
0.03894632 
-0.03058212 
-0.09500682 
-0.04200540 
-0.08274126 
-0.05149632 
-0.12721757 
-0.10242721 
-0.20379937 
-0.06627769 
-0.06125208 
-0.22139387 
-0.10235967 
-0.06922004 
-0.13612037 
-0.17516383 
-0.21562253 
-0.16726806 
-0.02869785 
-0.01081673 
-0.11494268 
-0.25306220 
0.05440832 
-0.20111797 
-0.17370201 
-0.01202767 
-0.05667437 
-0.24649832 
-0.20487355 
0.04459658 
-0.04338663 
0.04272556 
-0.09991865 
0.02840681 
0.05358113 
-0.17284189 
-0.26405545 
-0.14311788 
0.02493167 
-0.14326856 
-0.21880713 
-0.16055850 
0.00539345 
0.01579012 
-0.02538449 
-0.04147666 
-0.07853331 
-0.05902743 
-0.00848832 
-0.00608548 
-0.22621196 
-0.06824198 
-0.07776056 
0.00312163 
-0.04033991 
-0.03255203 
0.01600285 
-0.04721490 
-0.04688665 
-0.22895156 
-0.15777895 
-0.20403881 
-0.03763159 
0.03037812 
0.00063553 
-0.18845799 
0.07044261 
-0.22868207 
-0.13499952 
-0.02408680 
-0.10491661 
-0.09671371 
-0.17821523 
0.05741519 
-0.12803957 
0.01494209 
-0.04536923 
-0.12242967 
-0.11430879 
-0.07063514 
-0.06201843 
-0.07901865 
-0.05168461 
-0.12122557 
-0.22171750 
-0.13908711 
-0.14381818 
0.05940518 
-0.24191156 
-0.06729256 
-0.14369328 
-0.16964859 
-0.13286196 
-0.11390768 
-0.02347969 
-0.11153569 
-0.06154534 
-0.06901276 
-0.03287680 
-0.18785576 
-0.12538837 
-0.26797573 
-0.05193202 
-0.00629556 
-0.11433042 
-0.21927544 
0.03319972 
-0.23254055 
-0.26598124 
0.07123269 
-0.06992222 
-0.01192608 
-0.17707044 
0.02570059 
-0.06398252 
-0.25553745 
0.06983757 
-0.12423882 
-0.00765993 
0.04436969 
-0.16346964 
-0.06781178 
-0.17054139 
-0.07383811 
-0.11577572 
-0.16873040 
-0.27084950 
-0.25679743 
-0.21203717 
0.02384367 
0.07202917 
0.05455211 
-0.02914183 
-0.08649318 
-0.26525624 
-0.12210401 
0.04414777 
-0.22070092 
0.01980028 
-0.08965588 
0.00904276 
0.06171375 
0.01602693 
-0.02643812 
-0.27222622 
0.01731449 
0.04761212 
0.01145581 
-0.19557114 
-0.24674650 
-0.17195975 
-0.22967279 
0.05706192 
-0.26317805 
-0.05474009 
0.05978943 
-0.22237248 
-0.13183323 
-0.17167844 
-0.07898148 
-0.09858812 
-0.13255857 
-0.22976907 
-0.09535832 
-0.12308862 
-0.10024165 

-0.02729094 
0.08025960 
0.04375093 
-0.08245034 
-0.00101703 
-0.13204064 
0.04731975 
0.05362136 
-0.05562908 
0.07239912 
-0.05863544 
0.03484878 
0.06636453 
-0.12495861 
0.05384180 
-0.22523434 
-0.23082671 
-0.08518680 
0.01021817 
-0.21872115 
-0.12753925 
-0.18114672 
-0.08761406 
-0.06641592 
0.00317179 
-0.09099825 
-0.04012760 
-0.09825181 
0.03259655 
-0.10933090 
-0.14520645 
0.04219114 
0.09491147 
-0.08773329 
-0.14240921 
-0.12248315 
0.00595105 
0.06345724 
-0.09481525 
-0.06096861 
-0.06237671 
-0.14547292 
-0.10055184 
0.05846565 
-0.05507226 
0.07316191 
-0.20749068 
-0.03926505 
-0.13691816 
-0.06568366 
0.04497966 
-0.00849746 
0.00057296 
-0.21204177 
-0.10504230 
-0.19642307 
0.06877099 
-0.15693113 
-0.09080094 
-0.22589343 
-0.11952173 
0.06413875 
-0.14505828 
-0.23016301 
-0.04080947 
-0.08527049 
-0.09607349 
0.01713084 
0.00467301 
-0.12158593 
-0.05830090 
-0.23070379 
-0.01091082 
-0.23036952 
0.03248571 
0.01901908 
-0.15961007 
-0.04840884 
-0.19445625 
-0.16807681 
0.08309997 
-0.02731777 
-0.14746264 
0.09023657 
-0.21765566 
-0.17912922 
0.00694166 
0.03214589 
-0.21681388 
-0.11420148 
0.10809815 
0.08454892 
0.01040832 
-0.23063749 
-0.01143237 
0.10236502 
0.04530993 
-0.16110463 
-0.22119200 
-0.00963276 
-0.20343416 
-0.07440366 
-0.23587467 
0.05496090 
0.03971656 
-0.05520354 
-0.20083261 
-0.16597959 
-0.08234166 
0.10291822 
-0.17631458 
-0.09231939 
-0.07989288 
-0.07209540 
0.01691501 
0.09212395 
0.00312787 
-0.17509601 
-0.19063786 
-0.05034275 
0.02789684 
0.01324591 
0.03354053 
-0.09173040 
-0.15172363 
-0.00772199 
0.09349785 
-0.13398912 
0.01782202 
-0.02709874 
0.03919552 
-0.16578761 
-0.02366637 
-0.07321987 
-0.10327038 
0.06335963 
-0.21336683 
-0.12775639 
-0.20429774 
0.06027122 
-0.11031068 
-0.17835917 
-0.11161549 
0.10877558 
-0.21784011 
-0.12371606 
0.03534922 
-0.19640078 
-0.00190273 
-0.18924043 
-0.12155684 
-0.17293468 
-0.08499037 
0.09676378 
-0.02373428 
0.00013232 
-0.06283418 
-0.23324838 
-0.13324357 
-0.16266210 
0.08197269 
-0.02153262 
-0.10585560 
-0.01559574 
0.01452129 
-0.06261008 
-0.00077678 
-0.21240127 
0.04162160 
-0.20799773 
0.05204192 
0.04855695 
-0.16534091 
-0.21549071 
-0.01987112 
0.10080894 
-0.09773127 
-0.23617947 
0.01188748 
-0.08965207 
-0.17496154 
0.02888458 
-0.12502471 
0.03863803 
-0.00272417 
0.04900562 
0.00095297 
0.00225302 
-0.22490816 
-0.16292553 
-0.13136689 
0.09934695 

-0.06219024 
0.02379173 
-0.22676816 
0.09164707 
-0.09861144 
-0.04290222 
-0.00710725 
-0.03339669 
0.07356480 
-0.16123616 
-0.11502052 
0.00562479 
-0.22383470 
0.10174693 
-0.01259413 
-0.12053352 
-0.16418702 
-0.10889941 
0.07758720 
-0.20252273 
-0.10357589 
0.07125303 
0.07748383 
0.05203922 
-0.00572647 
0.02990588 
-0.01235829 
-0.08648245 
-0.06033536 
-0.18091835 
-0.02343113 
-0.19940021 
-0.20486585 
-0.03678731 
-0.01430982 
-0.06471171 
-0.19763593 
0.03560548 
-0.06962896 
-0.06900104 
0.01904766 
0.01432646 
-0.05063017 
0.03272910 
0.09255287 
-0.13055721 
0.06404370 
-0.18628688 
0.07666858 
-0.13053296 
0.10952003 
-0.15575548 
0.00405992 
-0.22549999 
-0.13411749 
0.05072634 
-0.13600208 
0.06726186 
-0.00248721 
-0.04997975 
-0.07825297 
-0.01327161 
-0.18916880 
0.07818809 
0.10825905 
-0.06415523 
-0.08961709 
-0.08790605 
-0.07020657 
0.07395888 
-0.02056557 
-0.03563480 
0.03652340 
0.07719208 
-0.06326640 
0.06953620 
-0.19265016 
-0.00392658 
-0.17107042 
0.08521784 
-0.11119353 
-0.12729377 
-0.21538067 
0.05168781 
-0.15038083 
0.08454508 
0.09578821 
-0.01780864 
-0.02305239 
0.01903782 
-0.19213236 
-0.09424766 
0.07134320 
-0.10176135 
-0.20003158 
-0.00870304 
-0.00856021 
0.01924254 
-0.19780199 
0.02632488 
-0.07432264 
-0.01250331 
-0.18416578 
-0.16561446 
-0.18359712 
-0.17354818 
-0.17556051 
-0.19892307 
-0.20612708 
-0.19611463 
-0.20587527 
-0.08995727 
-0.21641249 
-0.10370247 
-0.22854302 
-0.13982746 
0.09315530 
0.00849993 
0.02040719 
-0.20628863 
-0.00302460 
0.11304510 
-0.22904361 
-0.16479061 
0.05012714 
-0.11465409 
0.07448654 
0.01017104 
-0.22048102 
0.11009757 
-0.13040227 
0.05287003 
-0.21342418 
0.00587404 
0.03163250 
-0.06175087 
0.07324411 
-0.07019832 
-0.14722196 
0.05337067 
-0.14924553 
0.03870295 
-0.13419886 
-0.01663225 
-0.19012269 
-0.15981356 
-0.01148056 
-0.11952750 
0.10831024 
0.06950973 
-0.22672743 
-0.08609331 
0.00334059 
-0.22523688 
-0.05144961 
0.04733407 
-0.08077342 
0.05228386 
-0.20096555 
0.00391476 
-0.01164651 
-0.20385051 
-0.00994460 
-0.19735619 
0.01003750 
-0.06298636 
0.07476612 
-0.12003299 
-0.22665108 
0.05232095 
0.07644576 
-0.04219544 
-0.22609620 
-0.19812412 
-0.05240315 
0.08976332 
-0.21794581 
-0.11835566 
-0.00682007 
-0.21788977 
-0.08880978 
-0.10278581 
0.05252373 
-0.22252706 
0.09838609 
-0.13044756 
-0.16365174 
-0.11672424 
0.06921403 
-0.02927493 
-0.08036321 
0.05675719 

0.03591575 
-0.21202988 
-0.22417163 
-0.10991073 
0.01654416 
-0.21871698 
0.01165453 
-0.14235040 
-0.21114129 
-0.16823016 
-0.12239748 
-0.11139511 
-0.00563953 
-0.02017111 
-0.22437862 
-0.26462281 
-0.06900146 
-0.21984050 
-0.17791011 
-0.04965148 
-0.13462230 
-0.18872634 
-0.01697762 
-0.11120541 
0.06806932 
0.00244316 
-0.19081645 
-0.04448444 
-0.20626553 
-0.07527306 
-0.25350320 
0.05683608 
-0.08055223 
-0.06024348 
-0.08699813 
-0.06469539 
-0.12371298 
-0.11762303 
-0.05970712 
-0.08340639 
-0.16521039 
-0.00100815 
-0.02408562 
0.05704303 
-0.02445827 
-0.18404797 
-0.07675576 
-0.08908920 
-0.23629137 
-0.04089485 
-0.26606131 
-0.06299050 
0.03206698 
-0.19242370 
-0.00457784 
0.04304131 
-0.12618304 
-0.04486680 
-0.03941436 
-0.20404932 
-0.10794192 
-0.18750461 
-0.24659551 
0.02945308 
0.00163025 
-0.06317869 
-0.25388338 
-0.13272944 
-0.24169261 
-0.10537781 
0.06291983 
-0.11334556 
-0.23415988 
-0.00864506 
0.00489919 
0.07124052 
-0.22159690 
-0.16259632 
-0.17435614 
0.04881637 
-0.06639061 
0.02228108 
-0.27001764 
0.05011301 
-0.04011059 
-0.22375385 
-0.06982353 
-0.21409208 
-0.13524383 
0.06261899 
-0.05701147 
-0.09410277 
-0.10502057 
-0.02981924 
-0.00548717 
-0.08088129 
-0.16571111 
-0.24926324 
-0.13072366 
-0.15162810 
0.02942058 
-0.25066471 
-0.09971499 
-0.09486382 
-0.24824468 
-0.10354023 
-0.12903510 
0.05134548 
-0.14132983 
-0.08881610 
0.01354047 
-0.12394251 
-0.07744173 
-0.00924782 
-0.06415496 
-0.09313004 
-0.10555242 
-0.17974212 
0.03976196 
-0.09979605 
0.00858280 
-0.14624577 
0.00308771 
-0.24830099 
0.05177265 
-0.10630207 
-0.02969200 
-0.09917572 
-0.23609589 
-0.25615168 
-0.03245054 
-0.25039264 
0.05795128 
-0.22477470 
-0.07204137 
0.04133262 
-0.10257977 
-0.15419740 
0.03917299 
-0.18564158 
-0.11532708 
-0.19881867 
-0.03674815 
0.05635465 
0.02029833 
-0.14715180 
-0.04462486 
-0.05618753 
-0.13248728 
-0.15722644 
-0.21313032 
0.02893567 
0.01289298 
-0.08091976 
-0.14597901 
0.04599147 
0.01546183 
-0.03249261 
0.03124797 
-0.18567275 
-0.24824170 
-0.08525367 
-0.21215984 
0.04961022 
-0.13811516 
-0.14056154 
-0.24209850 
-0.22634814 
-0.04853084 
-0.15091434 
-0.26480847 
-0.23848404 
-0.03281462 
-0.03050397 
-0.07204748 
0.06140958 
-0.17221904 
-0.14843554 
0.02528439 
-0.03728121 
-0.02676858 
-0.24723588 
-0.16916723 
0.05972230 
-0.25687608 
-0.18408979 
-0.17732095 
0.04791735 
-0.12757487 
0.06689153 
-0.03247153 
-0.22480312 

0.02400760 
-0.09979587 
-0.16898624 
-0.09400146 
-0.06494205 
0.00216949 
-0.01093183 
0.00391848 
0.09918549 
-0.01090233 
-0.16151276 
-0.04222281 
0.09681648 
-0.09609248 
-0.16656582 
-0.10471754 
-0.21883263 
-0.00675052 
-0.15106090 
-0.17250928 
-0.03436371 
-0.01577762 
-0.00159207 
-0.08066370 
-0.04802295 
0.07820533 
-0.05023539 
0.05075979 
0.00367768 
0.04559451 
-0.04112423 
0.07864952 
-0.13803609 
-0.20057188 
-0.21836707 
-0.18265623 
-0.10879923 
-0.02446767 
-0.21397519 
0.08650185 
-0.19986262 
0.10102408 
-0.04320115 
-0.04563187 
-0.15922208 
0.08341672 
-0.12790405 
-0.19671802 
-0.21616699 
0.09057176 
0.04355978 
-0.02978979 
-0.23381388 
-0.06044242 
-0.13029748 
-0.18440820 
-0.16510745 
0.06828705 
0.09058744 
0.00874332 
-0.18635910 
0.09904689 
0.05603485 
-0.14943097 
-0.18608267 
-0.17897504 
0.08575762 
-0.06405721 
0.04463664 
-0.04508136 
0.04487014 
0.07361821 
-0.23815446 
0.07375118 
-0.07704200 
-0.06424895 
-0.08031217 
-0.15841068 
-0.04603361 
-0.23249480 
-0.02652749 
-0.20100888 
-0.04088088 
-0.13147217 
-0.13108108 
-0.02571707 
0.06487490 
-0.22760558 
-0.16428966 
-0.18523828 
-0.19369933 
-0.20592780 
-0.06685660 
0.06846093 
0.09628483 
0.05525009 
-0.01086296 
0.09268580 
0.04269784 
0.06640824 
-0.10327019 
-0.05150272 
-0.22529323 
-0.08242670 
-0.10921546 
-0.06790796 
-0.04622721 
-0.14854231 
-0.15196157 
-0.05000984 
-0.19178410 
-0.10713506 
-0.11034767 
-0.10963930 
0.09094574 
-0.01896829 
-0.19375748 
-0.08061130 
-0.17966711 
-0.09438702 
-0.10952622 
0.01301425 
-0.01816723 
-0.21217130 
-0.19342763 
-0.07650712 
-0.13269359 
-0.20829361 
0.06924257 
0.10001559 
-0.14950647 
-0.05268772 
-0.17999386 
-0.07842625 
-0.09784292 
-0.23130742 
0.06875916 
-0.23557907 
-0.12763100 
0.07144236 
-0.01615374 
-0.15130406 
-0.06259670 
0.07731879 
-0.17926134 
0.09668092 
-0.05357741 
0.07003843 
0.04469430 
-0.07017998 
0.04695535 
-0.02289850 
0.02200864 
0.08314904 
0.02715725 
-0.10417027 
-0.19760095 
0.10004758 
-0.21126572 
0.01129238 
-0.02060377 
-0.16756529 
0.03198066 
-0.07108421 
-0.07285973 
-0.05924715 
-0.06794437 
-0.19839437 
-0.19979745 
-0.18286703 
-0.20547118 
-0.13616914 
-0.09961508 
-0.18736806 
-0.13895222 
-0.04295016 
-0.16297882 
0.10299567 
-0.22822346 
-0.12526220 
-0.09011230 
-0.20085419 
-0.21094776 
0.05637213 
0.04467939 
-0.15608430 
0.07990084 
0.02302903 
0.03514666 
-0.07707619 
-0.06138173 
0.05325243 

-0.09791951 
0.06591475 
-0.18744620 
0.03701851 
-0.00936172 
-0.12389001 
-0.13619635 
-0.06538682 
-0.16045972 
-0.15666987 
-0.05501388 
0.02020197 
0.08743731 
0.00252638 
-0.04520134 
-0.01758216 
-0.12856241 
-0.01552069 
0.04242193 
0.03620782 
-0.21263454 
0.07896562 
-0.13476886 
-0.09843657 
-0.11612340 
0.03646495 
0.06624030 
-0.12546535 
0.08489563 
-0.02181471 
-0.01291817 
-0.04554644 
0.04047249 
0.05308606 
-0.22527947 
0.03124591 
-0.19663831 
0.07372695 
-0.14574095 
-0.13598369 
-0.10122708 
-0.09154598 
-0.09603235 
-0.24864930 
-0.09884766 
-0.20897026 
-0.12527295 
0.01233788 
-0.17449880 
0.00769018 
-0.04184287 
-0.02734215 
-0.14691727 
-0.09637290 
-0.03409108 
-0.21169173 
-0.24175415 
-0.08644427 
-0.18873370 
-0.16715064 
-0.20700401 
-0.03334389 
-0.19233899 
-0.05675125 
0.03187718 
-0.25583504 
-0.20424990 
-0.19630819 
-0.18737786 
-0.04201360 
-0.14454474 
-0.15652736 
-0.06728404 
0.00676882 
-0.18497892 
-0.03671517 
0.01782712 
-0.11070528 
-0.08711913 
0.01152136 
-0.25409679 
-0.15603498 
0.00047251 
-0.16200756 
-0.14821654 
-0.16159622 
0.00431384 
-0.15429722 
-0.19115363 
-0.19853364 
-0.14800361 
-0.24607587 
-0.15472560 
-0.04945139 
-0.00811318 
0.02342976 
-0.13185453 
-0.18495587 
0.04411560 
-0.13497448 
-0.16677788 
-0.09722714 
-0.17567546 
-0.14155895 
-0.12527514 
0.03593846 
-0.16225745 
-0.18317925 
0.06496094 
-0.15610835 
0.05048052 
0.05970465 
0.01800560 
0.05379421 
-0.11895258 
-0.11645940 
-0.08713786 
0.03650141 
-0.23923894 
-0.15304660 
-0.14846991 
-0.03076844 
-0.19334812 
-0.14668817 
-0.01709221 
-0.01079139 
0.03136389 
-0.18556002 
0.00804154 
-0.18596252 
-0.01009993 
-0.18912226 
0.03103594 
-0.22975253 
-0.18661169 
-0.03429007 
0.00873099 
-0.13964459 
-0.05746240 
-0.04531935 
-0.16931098 
-0.11744054 
-0.15906629 
0.02786909 
-0.24251211 
-0.00942628 
0.06090189 
0.07747304 
-0.20854213 
-0.10556495 
-0.03229610 
-0.23475724 
-0.19796498 
0.05503943 
0.03063153 
-0.09086771 
-0.04747416 
-0.23008011 
0.00091327 
-0.11518208 
0.00454899 
-0.16346712 
-0.12991406 
-0.19839727 
0.07943327 
0.02687642 
-0.10573940 
-0.19713240 
-0.17967461 
-0.06865564 
-0.12590003 
-0.04596938 
-0.12299643 
-0.23427185 
0.05320303 
0.07459143 
-0.06018957 
0.06746353 
-0.12982895 
-0.06161616 
-0.18120368 
0.06860221 
0.06590912 
0.08618847 
-0.17694530 
-0.06460861 
-0.17395503 
-0.11529541 
0.02756954 
0.02236422 
0.08722018 
0.01907866 

-0.21231987 
0.09666613 
-0.01101821 
-0.03743854 
-0.07081857 
0.07725365 
-0.11872363 
-0.06488355 
-0.13193235 
-0.05735852 
0.04310893 
-0.19786136 
0.05366983 
-0.12591744 
-0.00093625 
-0.18591805 
-0.00104238 
0.03138327 
-0.13905096 
-0.15851202 
-0.20551125 
0.01001119 
-0.16135885 
-0.07614155 
-0.15038739 
-0.09233480 
-0.10344250 
-0.07168014 
0.05979707 
0.12622404 
0.11363918 
-0.13051997 
-0.10296613 
0.04070449 
-0.12562256 
0.11111291 
0.06852590 
0.00142095 
-0.00888517 
-0.07973141 
-0.05801916 
0.09209761 
-0.06548871 
-0.01276420 
-0.15888801 
0.10601558 
0.08106845 
-0.08864166 
0.10293271 
0.01022428 
-0.02603655 
-0.15525008 
0.04988769 
0.02320325 
0.12147118 
0.04465451 
-0.19093161 
0.12306011 
-0.18064673 
0.10363372 
-0.03469635 
-0.13904968 
-0.20687853 
-0.16302287 
-0.15256437 
0.05300052 
-0.08664977 
-0.03757883 
-0.06514414 
0.00896602 
-0.01601575 
-0.19581299 
-0.21654419 
-0.08786173 
-0.01919400 
0.05494457 
-0.12136347 
-0.11528319 
0.11016986 
0.10862046 
0.11979298 
-0.18579356 
0.05896727 
-0.03354403 
0.02975796 
-0.14312371 
-0.08773885 
0.11648736 
-0.19245159 
-0.11107066 
-0.17252193 
-0.16327085 
-0.19723773 
-0.16426650 
0.05148229 
0.01243919 
0.10469099 
-0.16384657 
-0.21136549 
-0.19795280 
-0.09650165 
0.07831367 
-0.10557123 
-0.08722087 
-0.05206985 
0.05879336 
0.05134331 
-0.20129936 
-0.00126096 
-0.09046410 
-0.04062757 
0.01307884 
0.05541105 
-0.15615520 
0.03301893 
-0.05072334 
0.10728492 
0.08466004 
-0.05342766 
-0.11838520 
-0.09113119 
0.01575553 
-0.03650237 
0.10715650 
-0.11578604 
-0.13556805 
0.11650574 
0.11904809 
-0.01785869 
0.09514009 
0.02916490 
-0.01181825 
-0.00791781 
-0.01884385 
-0.04204765 
0.10717775 
0.00696966 
-0.13401815 
-0.15519177 
-0.17009692 
-0.05692361 
-0.05258768 
-0.01853171 
0.01979162 
-0.11096319 
0.00236049 
0.04989336 
-0.21153817 
0.07257247 
-0.12937828 
-0.10750418 
-0.07894257 
-0.02862373 
-0.00608042 
-0.10923584 
-0.18790815 
-0.14198958 
-0.20278094 
-0.17494237 
-0.08209937 
0.04659793 
-0.11884260 
0.04866486 
-0.12320126 
0.05142391 
-0.14727216 
-0.09951342 
-0.18584679 
0.09451509 
0.09916658 
0.11449923 
-0.15523826 
0.09307640 
-0.19643760 
-0.18613704 
-0.10823105 
0.08121528 
-0.06973909 
-0.18680095 
-0.07202669 
-0.01494499 
-0.04302839 
-0.16110381 
-0.13181682 
0.12567863 
-0.14487122 
-0.17486784 
-0.15066405 
-0.08198174 
-0.06904307 
-0.15460514 
-0.09905945 

0.03683728 
-0.10592586 
-0.15278749 
-0.17577710 
-0.14048984 
0.04819616 
-0.12819831 
-0.00604066 
0.05603972 
-0.22370032 
-0.06389657 
-0.03760752 
-0.09405332 
-0.09372065 
-0.11799664 
-0.23238914 
0.00106775 
-0.08244752 
0.03082383 
-0.18675708 
-0.08741412 
0.05396142 
-0.19216641 
0.06532505 
-0.03031946 
-0.03204516 
-0.02056617 
-0.04043596 
-0.00274153 
0.08610881 
0.01300021 
0.05650069 
-0.01183423 
0.02535073 
-0.10560467 
-0.04034779 
0.04358285 
-0.16079947 
-0.18547678 
-0.13939447 
-0.24076439 
-0.09055390 
-0.21627705 
0.03592769 
0.08868861 
-0.00343613 
-0.11741087 
0.03924421 
-0.22453475 
-0.20220681 
-0.16249274 
-0.02621584 
-0.13956651 
-0.04527413 
-0.07246790 
0.00334633 
0.04736209 
-0.11734770 
-0.05175284 
-0.19812315 
0.00491807 
-0.01050851 
0.00728110 
-0.03969788 
-0.02604146 
-0.07030608 
-0.13938913 
-0.02461104 
-0.24102226 
-0.03350316 
-0.20092532 
-0.08117480 
-0.09024859 
-0.13189888 
-0.01678519 
-0.09076573 
-0.16777300 
-0.01357583 
-0.16575564 
0.03576915 
0.06375969 
-0.11034557 
-0.02684336 
-0.18934726 
0.08348663 
-0.00032052 
0.00428978 
0.08217683 
-0.24326174 
-0.23590224 
-0.16954325 
0.04568597 
-0.15478471 
-0.13619861 
-0.16381012 
-0.01328827 
-0.07819996 
-0.02735314 
0.00404314 
0.00200322 
0.01060911 
0.04872761 
0.06423413 
0.06010993 
0.08834324 
0.04964118 
-0.11282626 
-0.03647285 
0.05749016 
-0.22305964 
0.08645984 
0.08696714 
-0.11430720 
-0.12038665 
-0.01061938 
0.01304833 
-0.11873061 
-0.00476051 
-0.21342567 
0.01439219 
-0.00221125 
-0.24340603 
-0.17112290 
0.09263657 
-0.02216378 
0.00185467 
-0.14225396 
-0.11834454 
-0.01003273 
-0.01793459 
0.00614566 
-0.14488913 
0.04656779 
-0.05096326 
0.00007917 
-0.23139518 
0.08904031 
0.09661405 
0.00782917 
-0.18981195 
-0.07379471 
-0.06981067 
0.03792730 
-0.13817968 
0.03541492 
0.02240158 
-0.13399440 
-0.20748713 
-0.16526992 
0.09278113 
-0.23671531 
-0.14136878 
-0.06482555 
-0.00477212 
-0.04109303 
0.07346443 
-0.10783464 
0.00969679 
-0.09275282 
-0.10272882 
0.03222838 
0.03606972 
-0.12867346 
-0.20048236 
-0.10425639 
-0.11203692 
0.06912558 
-0.06203046 
-0.19595125 
-0.09535723 
-0.03295634 
0.00730611 
0.07990943 
0.00379426 
-0.14487987 
-0.15291761 
-0.15840283 
0.07511794 
-0.13125739 
-0.19388935 
0.04308758 
-0.17322553 
-0.11248762 
-0.07913319 
-0.15601978 
-0.01664030 
-0.10429618 
-0.10743971 
0.03944106 
-0.16222508 
-0.05302537 
0.00998310 

-0.06000052 
0.09448073 
-0.14499430 
0.01879753 
-0.14739822 
-0.00853538 
-0.02867381 
0.00147972 
0.04118292 
0.12735902 
0.00732475 
-0.19582649 
-0.04130388 
0.10858071 
-0.01465043 
-0.00131422 
0.02547113 
-0.02230318 
0.09959266 
0.12984250 
0.08706529 
-0.20970932 
-0.14688996 
-0.21075556 
0.03982374 
0.03875355 
-0.07837312 
-0.01814870 
-0.04590467 
-0.19285775 
0.04217025 
-0.03543683 
-0.19486396 
0.06735443 
-0.05012597 
-0.20297295 
-0.05710287 
-0.09155797 
0.00129653 
-0.07081652 
0.01593289 
0.06399856 
-0.06059430 
0.12364124 
-0.09045516 
0.07903944 
-0.18749839 
-0.19632637 
-0.12221232 
-0.18066420 
0.06981482 
-0.15417818 
0.10664751 
-0.03761245 
0.11389879 
0.01193409 
-0.09569475 
-0.03014981 
0.12060392 
-0.03335517 
-0.07563795 
0.01635633 
-0.02796617 
-0.09827421 
0.01731253 
-0.14005397 
-0.15543148 
-0.20729907 
-0.10634964 
0.02303041 
-0.12509241 
0.12639635 
-0.14551686 
-0.03955983 
0.01981593 
-0.03241252 
0.10021363 
0.11026190 
-0.04790945 
0.10603438 
0.02550145 
-0.09866234 
-0.12691283 
-0.14015653 
-0.16756793 
-0.02389704 
-0.15665096 
-0.13407426 
0.05892658 
-0.09004098 
-0.07677286 
0.08988260 
-0.14886481 
-0.13269768 
-0.14543205 
0.07046706 
-0.18192221 
-0.21347356 
0.07877743 
0.11740564 
0.01156578 
-0.05034889 
-0.10462596 
0.04971944 
-0.09505443 
-0.00313437 
-0.20277919 
-0.02483220 
0.00811210 
-0.02535623 
-0.17136526 
-0.15622392 
-0.12615140 
0.10268697 
0.12375739 
-0.16938332 
-0.09954414 
0.04734871 
0.01130029 
-0.17931568 
-0.15492547 
0.01216824 
-0.02455023 
-0.02181038 
-0.05321382 
0.08507850 
0.13112438 
-0.16434034 
0.12007644 
-0.05419419 
0.00098802 
-0.18141615 
-0.17343294 
-0.12514459 
0.08621395 
-0.11421185 
-0.15396970 
0.09882965 
-0.17493754 
0.09126114 
-0.18722756 
0.00221473 
0.11161219 
-0.01999611 
-0.13240861 
-0.05276012 
0.04111591 
-0.07396482 
-0.18962256 
0.11973622 
-0.09024806 
-0.16017705 
0.10393367 
0.11038646 
0.05602667 
0.02071221 
-0.10926280 
0.06919686 
-0.00867509 
-0.16078612 
-0.02600348 
-0.07171249 
0.05332769 
-0.20487844 
0.11722500 
-0.19722621 
-0.15755631 
0.05011366 
-0.14144406 
-0.02713478 
0.01749722 
-0.02395557 
-0.04969083 
-0.20152808 
0.07040236 
-0.19134625 
-0.00929408 
-0.04229837 
-0.21099805 
-0.19069676 
0.09341466 
-0.06798005 
-0.04524249 
-0.10078929 
-0.13358339 
-0.10684843 
0.00532385 
-0.15990745 
-0.09669159 
0.00560217 
-0.04501721 
-0.19188881 

