0.83611872 0.83812126 0.84261030 0.80252969 
0.85252859 0.84595836 0.84093664 0.79840450 
0.81896292 0.84655172 0.85235943 0.83061719 
0.83240962 0.84358752 0.81203177 0.81542402 

0.83611872 0.83812126 0.84261030 0.80252969 
0.85252859 0.84595836 0.84093664 0.79840450 
0.81896292 0.84655172 0.85235943 0.83061719 
0.83240962 0.84358752 0.81203177 0.81542402 

0.83611872 0.83812126 0.84261030 0.80252969 
0.85252859 0.84595836 0.84093664 0.79840450 
0.81896292 0.84655172 0.85235943 0.83061719 
0.83240962 0.84358752 0.81203177 0.81542402 

0.83611872 0.83812126 0.84261030 0.80252969 
0.85252859 0.84595836 0.84093664 0.79840450 
0.81896292 0.84655172 0.85235943 0.83061719 
0.83240962 0.84358752 0.81203177 0.81542402 

0.83611872 0.83812126 0.84261030 0.80252969 
0.85252859 0.84595836 0.84093664 0.79840450 
0.81896292 0.84655172 0.85235943 0.83061719 
0.83240962 0.84358752 0.81203177 0.81542402 

0.83611872 0.83812126 0.84261030 0.80252969 
0.85252859 0.84595836 0.84093664 0.79840450 
0.81896292 0.84655172 0.85235943 0.83061719 
0.83240962 0.84358752 0.81203177 0.81542402 

0.83611872 0.83812126 0.84261030 0.80252969 
0.85252859 0.84595836 0.84093664 0.79840450 
0.81896292 0.84655172 0.85235943 0.83061719 
0.83240962 0.84358752 0.81203177 0.81542402 

0.83611872 0.83812126 0.84261030 0.80252969 
0.85252859 0.84595836 0.84093664 0.79840450 
0.81896292 0.84655172 0.85235943 0.83061719 
0.83240962 0.84358752 0.81203177 0.81542402 

0.83611872 0.83812126 0.84261030 0.80252969 
0.85252859 0.84595836 0.84093664 0.79840450 
0.81896292 0.84655172 0.85235943 0.83061719 
0.83240962 0.84358752 0.81203177 0.81542402 

0.83611872 0.83812126 0.84261030 0.80252969 
0.85252859 0.84595836 0.84093664 0.79840450 
0.81896292 0.84655172 0.85235943 0.83061719 
0.83240962 0.84358752 0.81203177 0.81542402 

0.83611872 0.83812126 0.84261030 0.80252969 
0.85252859 0.84595836 0.84093664 0.79840450 
0.81896292 0.84655172 0.85235943 0.83061719 
0.83240962 0.84358752 0.81203177 0.81542402 

0.83611872 0.83812126 0.84261030 0.80252969 
0.85252859 0.84595836 0.84093664 0.79840450 
0.81896292 0.84655172 0.85235943 0.83061719 
0.83240962 0.84358752 0.81203177 0.81542402 


0.82669744 0.84537662 0.85027255 0.81851877 
0.83066805 0.83676732 0.83981546 0.82205841 
0.82245690 0.85997482 0.85113697 0.82704170 
0.82804702 0.84724192 0.83785073 0.81845035 

0.82669744 0.84537662 0.85027255 0.81851877 
0.83066805 0.83676732 0.83981546 0.82205841 
0.82245690 0.85997482 0.85113697 0.82704170 
0.82804702 0.84724192 0.83785073 0.81845035 

0.82669744 0.84537662 0.85027255 0.81851877 
0.83066805 0.83676732 0.83981546 0.82205841 
0.82245690 0.85997482 0.85113697 0.82704170 
0.82804702 0.84724192 0.83785073 0.81845035 

0.82669744 0.84537662 0.85027255 0.81851877 
0.83066805 0.83676732 0.83981546 0.82205841 
0.82245690 0.85997482 0.85113697 0.82704170 
0.82804702 0.84724192 0.83785073 0.81845035 

0.82669744 0.84537662 0.85027255 0.81851877 
0.83066805 0.83676732 0.83981546 0.82205841 
0.82245690 0.85997482 0.85113697 0.82704170 
0.82804702 0.84724192 0.83785073 0.81845035 

0.82669744 0.84537662 0.85027255 0.81851877 
0.83066805 0.83676732 0.83981546 0.82205841 
0.82245690 0.85997482 0.85113697 0.82704170 
0.82804702 0.84724192 0.83785073 0.81845035 

0.82669744 0.84537662 0.85027255 0.81851877 
0.83066805 0.83676732 0.83981546 0.82205841 
0.82245690 0.85997482 0.85113697 0.82704170 
0.82804702 0.84724192 0.83785073 0.81845035 

0.82669744 0.84537662 0.85027255 0.81851877 
0.83066805 0.83676732 0.83981546 0.82205841 
0.82245690 0.85997482 0.85113697 0.82704170 
0.82804702 0.84724192 0.83785073 0.81845035 

0.82669744 0.84537662 0.85027255 0.81851877 
0.83066805 0.83676732 0.83981546 0.82205841 
0.82245690 0.85997482 0.85113697 0.82704170 
0.82804702 0.84724192 0.83785073 0.81845035 

0.82669744 0.84537662 0.85027255 0.81851877 
0.83066805 0.83676732 0.83981546 0.82205841 
0.82245690 0.85997482 0.85113697 0.82704170 
0.82804702 0.84724192 0.83785073 0.81845035 

0.82669744 0.84537662 0.85027255 0.81851877 
0.83066805 0.83676732 0.83981546 0.82205841 
0.82245690 0.85997482 0.85113697 0.82704170 
0.82804702 0.84724192 0.83785073 0.81845035 

0.82669744 0.84537662 0.85027255 0.81851877 
0.83066805 0.83676732 0.83981546 0.82205841 
0.82245690 0.85997482 0.85113697 0.82704170 
0.82804702 0.84724192 0.83785073 0.81845035 


