0.50000819 0.50000819 0.50000819 0.50000819 0.50000819 0.50000819 0.50000819 0.50000819 0.50000819 0.50000819 0.50000819 0.50000819 
0.50000819 0.50000819 0.50000819 0.50789291 0.53672208 0.52490275 0.47494075 0.48962059 0.50000819 0.50000819 0.50000819 0.50000819 
0.50000819 0.50000819 0.50861406 0.53758300 0.54712801 0.56396783 0.52558363 0.49522093 0.50000819 0.50414109 0.51445863 0.49892257 
0.50000819 0.50534274 0.53679130 0.56286481 0.61735796 0.59285143 0.48049080 0.48271146 0.52125476 0.54699787 0.55109245 0.52474802 
0.50000819 0.52476861 0.54760878 0.64261312 0.63000599 0.52124732 0.45939629 0.52648617 0.54442235 0.55853177 0.58879059 0.57767152 
0.50000819 0.53108734 0.62202130 0.62463332 0.58547907 0.48008858 0.51752141 0.54474900 0.57404959 0.61490335 0.59030619 0.48778265 
0.50000819 0.51089747 0.61648268 0.60028858 0.59666011 0.49672985 0.54296008 0.59924029 0.61383969 0.55142097 0.46701492 0.47052959 
0.50000819 0.54040619 0.53936234 0.56109325 0.62062302 0.52477249 0.60963628 0.59967526 0.52157629 0.45660343 0.48786470 0.49895949 
0.50000819 0.50321515 0.54473759 0.60318293 0.60343360 0.57675841 0.58605508 0.48208813 0.46646551 0.48907087 0.50000819 0.50000819 
0.50000819 0.50000819 0.51221197 0.60722223 0.61906415 0.52738418 0.45971992 0.47680377 0.49743990 0.50000819 0.50000819 0.50000819 
0.50000819 0.50000819 0.53689735 0.56129391 0.49014022 0.46038840 0.49206241 0.49987710 0.50000819 0.50000819 0.50000819 0.50000819 
0.50000819 0.50000819 0.51312016 0.49705664 0.49630634 0.49558472 0.50000819 0.50000819 0.50000819 0.50000819 0.50000819 0.50000819 

0.50000819 0.50000819 0.50000819 0.50000819 0.50000819 0.50000819 0.50000819 0.50000819 0.50000819 0.50000819 0.50000819 0.50000819 
0.50000819 0.50000819 0.50000819 0.50789291 0.53672208 0.52490275 0.47494075 0.48962059 0.50000819 0.50000819 0.50000819 0.50000819 
0.50000819 0.50000819 0.50861406 0.53758300 0.54712801 0.56396783 0.52558363 0.49522093 0.50000819 0.50414109 0.51445863 0.49892257 
0.50000819 0.50534274 0.53679130 0.56286481 0.61735796 0.59285143 0.48049080 0.48271146 0.52125476 0.54699787 0.55109245 0.52474802 
0.50000819 0.52476861 0.54760878 0.64261312 0.63000599 0.52124732 0.45939629 0.52648617 0.54442235 0.55853177 0.58879059 0.57767152 
0.50000819 0.53108734 0.62202130 0.62463332 0.58547907 0.48008858 0.51752141 0.54474900 0.57404959 0.61490335 0.59030619 0.48778265 
0.50000819 0.51089747 0.61648268 0.60028858 0.59666011 0.49672985 0.54296008 0.59924029 0.61383969 0.55142097 0.46701492 0.47052959 
0.50000819 0.54040619 0.53936234 0.56109325 0.62062302 0.52477249 0.60963628 0.59967526 0.52157629 0.45660343 0.48786470 0.49895949 
0.50000819 0.50321515 0.54473759 0.60318293 0.60343360 0.57675841 0.58605508 0.48208813 0.46646551 0.48907087 0.50000819 0.50000819 
0.50000819 0.50000819 0.51221197 0.60722223 0.61906415 0.52738418 0.45971992 0.47680377 0.49743990 0.50000819 0.50000819 0.50000819 
0.50000819 0.50000819 0.53689735 0.56129391 0.49014022 0.46038840 0.49206241 0.49987710 0.50000819 0.50000819 0.50000819 0.50000819 
0.50000819 0.50000819 0.51312016 0.49705664 0.49630634 0.49558472 0.50000819 0.50000819 0.50000819 0.50000819 0.50000819 0.50000819 

0.50000819 0.50000819 0.50000819 0.50000819 0.50000819 0.50000819 0.50000819 0.50000819 0.50000819 0.50000819 0.50000819 0.50000819 
0.50000819 0.50000819 0.50000819 0.50789291 0.53672208 0.52490275 0.47494075 0.48962059 0.50000819 0.50000819 0.50000819 0.50000819 
0.50000819 0.50000819 0.50861406 0.53758300 0.54712801 0.56396783 0.52558363 0.49522093 0.50000819 0.50414109 0.51445863 0.49892257 
0.50000819 0.50534274 0.53679130 0.56286481 0.61735796 0.59285143 0.48049080 0.48271146 0.52125476 0.54699787 0.55109245 0.52474802 
0.50000819 0.52476861 0.54760878 0.64261312 0.63000599 0.52124732 0.45939629 0.52648617 0.54442235 0.55853177 0.58879059 0.57767152 
0.50000819 0.53108734 0.62202130 0.62463332 0.58547907 0.48008858 0.51752141 0.54474900 0.57404959 0.61490335 0.59030619 0.48778265 
0.50000819 0.51089747 0.61648268 0.60028858 0.59666011 0.49672985 0.54296008 0.59924029 0.61383969 0.55142097 0.46701492 0.47052959 
0.50000819 0.54040619 0.53936234 0.56109325 0.62062302 0.52477249 0.60963628 0.59967526 0.52157629 0.45660343 0.48786470 0.49895949 
0.50000819 0.50321515 0.54473759 0.60318293 0.60343360 0.57675841 0.58605508 0.48208813 0.46646551 0.48907087 0.50000819 0.50000819 
0.50000819 0.50000819 0.51221197 0.60722223 0.61906415 0.52738418 0.45971992 0.47680377 0.49743990 0.50000819 0.50000819 0.50000819 
0.50000819 0.50000819 0.53689735 0.56129391 0.49014022 0.46038840 0.49206241 0.49987710 0.50000819 0.50000819 0.50000819 0.50000819 
0.50000819 0.50000819 0.51312016 0.49705664 0.49630634 0.49558472 0.50000819 0.50000819 0.50000819 0.50000819 0.50000819 0.50000819 

0.50000819 0.50000819 0.50000819 0.50000819 0.50000819 0.50000819 0.50000819 0.50000819 0.50000819 0.50000819 0.50000819 0.50000819 
0.50000819 0.50000819 0.50000819 0.50789291 0.53672208 0.52490275 0.47494075 0.48962059 0.50000819 0.50000819 0.50000819 0.50000819 
0.50000819 0.50000819 0.50861406 0.53758300 0.54712801 0.56396783 0.52558363 0.49522093 0.50000819 0.50414109 0.51445863 0.49892257 
0.50000819 0.50534274 0.53679130 0.56286481 0.61735796 0.59285143 0.48049080 0.48271146 0.52125476 0.54699787 0.55109245 0.52474802 
0.50000819 0.52476861 0.54760878 0.64261312 0.63000599 0.52124732 0.45939629 0.52648617 0.54442235 0.55853177 0.58879059 0.57767152 
0.50000819 0.53108734 0.62202130 0.62463332 0.58547907 0.48008858 0.51752141 0.54474900 0.57404959 0.61490335 0.59030619 0.48778265 
0.50000819 0.51089747 0.61648268 0.60028858 0.59666011 0.49672985 0.54296008 0.59924029 0.61383969 0.55142097 0.46701492 0.47052959 
0.50000819 0.54040619 0.53936234 0.56109325 0.62062302 0.52477249 0.60963628 0.59967526 0.52157629 0.45660343 0.48786470 0.49895949 
0.50000819 0.50321515 0.54473759 0.60318293 0.60343360 0.57675841 0.58605508 0.48208813 0.46646551 0.48907087 0.50000819 0.50000819 
0.50000819 0.50000819 0.51221197 0.60722223 0.61906415 0.52738418 0.45971992 0.47680377 0.49743990 0.50000819 0.50000819 0.50000819 
0.50000819 0.50000819 0.53689735 0.56129391 0.49014022 0.46038840 0.49206241 0.49987710 0.50000819 0.50000819 0.50000819 0.50000819 
0.50000819 0.50000819 0.51312016 0.49705664 0.49630634 0.49558472 0.50000819 0.50000819 0.50000819 0.50000819 0.50000819 0.50000819 

0.50000819 0.50000819 0.50000819 0.50000819 0.50000819 0.50000819 0.50000819 0.50000819 0.50000819 0.50000819 0.50000819 0.50000819 
0.50000819 0.50000819 0.50000819 0.50789291 0.53672208 0.52490275 0.47494075 0.48962059 0.50000819 0.50000819 0.50000819 0.50000819 
0.50000819 0.50000819 0.50861406 0.53758300 0.54712801 0.56396783 0.52558363 0.49522093 0.50000819 0.50414109 0.51445863 0.49892257 
0.50000819 0.50534274 0.53679130 0.56286481 0.61735796 0.59285143 0.48049080 0.48271146 0.52125476 0.54699787 0.55109245 0.52474802 
0.50000819 0.52476861 0.54760878 0.64261312 0.63000599 0.52124732 0.45939629 0.52648617 0.54442235 0.55853177 0.58879059 0.57767152 
0.50000819 0.53108734 0.62202130 0.62463332 0.58547907 0.48008858 0.51752141 0.54474900 0.57404959 0.61490335 0.59030619 0.48778265 
0.50000819 0.51089747 0.61648268 0.60028858 0.59666011 0.49672985 0.54296008 0.59924029 0.61383969 0.55142097 0.46701492 0.47052959 
0.50000819 0.54040619 0.53936234 0.56109325 0.62062302 0.52477249 0.60963628 0.59967526 0.52157629 0.45660343 0.48786470 0.49895949 
0.50000819 0.50321515 0.54473759 0.60318293 0.60343360 0.57675841 0.58605508 0.48208813 0.46646551 0.48907087 0.50000819 0.50000819 
0.50000819 0.50000819 0.51221197 0.60722223 0.61906415 0.52738418 0.45971992 0.47680377 0.49743990 0.50000819 0.50000819 0.50000819 
0.50000819 0.50000819 0.53689735 0.56129391 0.49014022 0.46038840 0.49206241 0.49987710 0.50000819 0.50000819 0.50000819 0.50000819 
0.50000819 0.50000819 0.51312016 0.49705664 0.49630634 0.49558472 0.50000819 0.50000819 0.50000819 0.50000819 0.50000819 0.50000819 

0.50000819 0.50000819 0.50000819 0.50000819 0.50000819 0.50000819 0.50000819 0.50000819 0.50000819 0.50000819 0.50000819 0.50000819 
0.50000819 0.50000819 0.50000819 0.50789291 0.53672208 0.52490275 0.47494075 0.48962059 0.50000819 0.50000819 0.50000819 0.50000819 
0.50000819 0.50000819 0.50861406 0.53758300 0.54712801 0.56396783 0.52558363 0.49522093 0.50000819 0.50414109 0.51445863 0.49892257 
0.50000819 0.50534274 0.53679130 0.56286481 0.61735796 0.59285143 0.48049080 0.48271146 0.52125476 0.54699787 0.55109245 0.52474802 
0.50000819 0.52476861 0.54760878 0.64261312 0.63000599 0.52124732 0.45939629 0.52648617 0.54442235 0.55853177 0.58879059 0.57767152 
0.50000819 0.53108734 0.62202130 0.62463332 0.58547907 0.48008858 0.51752141 0.54474900 0.57404959 0.61490335 0.59030619 0.48778265 
0.50000819 0.51089747 0.61648268 0.60028858 0.59666011 0.49672985 0.54296008 0.59924029 0.61383969 0.55142097 0.46701492 0.47052959 
0.50000819 0.54040619 0.53936234 0.56109325 0.62062302 0.52477249 0.60963628 0.59967526 0.52157629 0.45660343 0.48786470 0.49895949 
0.50000819 0.50321515 0.54473759 0.60318293 0.60343360 0.57675841 0.58605508 0.48208813 0.46646551 0.48907087 0.50000819 0.50000819 
0.50000819 0.50000819 0.51221197 0.60722223 0.61906415 0.52738418 0.45971992 0.47680377 0.49743990 0.50000819 0.50000819 0.50000819 
0.50000819 0.50000819 0.53689735 0.56129391 0.49014022 0.46038840 0.49206241 0.49987710 0.50000819 0.50000819 0.50000819 0.50000819 
0.50000819 0.50000819 0.51312016 0.49705664 0.49630634 0.49558472 0.50000819 0.50000819 0.50000819 0.50000819 0.50000819 0.50000819 


0.50000819 0.50000819 0.50000819 0.50000819 0.50000819 0.50000819 0.50000819 0.50000819 0.50000819 0.50000819 0.50000819 0.50000819 
0.50000819 0.50000819 0.50000819 0.50000819 0.50000819 0.50000819 0.50000819 0.50000819 0.50000819 0.50000819 0.50000819 0.50000819 
0.50000819 0.50000819 0.50000819 0.50000819 0.50000819 0.50000819 0.50000819 0.50000819 0.50000819 0.50000819 0.50000819 0.50000819 
0.50000819 0.50000819 0.51987708 0.53768567 0.51688107 0.48242457 0.48427657 0.50000819 0.51636823 0.53361985 0.49516461 0.47954881 
0.50000819 0.50986468 0.52624521 0.54076387 0.57459386 0.57271573 0.47692194 0.50000819 0.49445521 0.52210085 0.59796889 0.52400131 
0.50000819 0.52398305 0.54385045 0.59866499 0.54245766 0.57105361 0.44495019 0.49856254 0.51386486 0.55631919 0.52883673 0.52181969 
0.50731100 0.53192131 0.58938245 0.51891426 0.48383001 0.60551602 0.53950183 0.48457304 0.52001431 0.53492042 0.53614428 0.51449671 
0.50472723 0.53953959 0.57985853 0.47654821 0.52313066 0.50769077 0.52222892 0.57840015 0.53363600 0.56929547 0.57844512 0.48597398 
0.50758195 0.54081499 0.51327492 0.47281917 0.50946087 0.52461352 0.53063808 0.50890097 0.52671942 0.53254958 0.46761629 0.47611128 
0.51147658 0.49665384 0.49808486 0.49526024 0.50000819 0.50384764 0.50852132 0.50667566 0.49755361 0.49324382 0.49432370 0.50000819 
0.50000819 0.50000819 0.50000819 0.50000819 0.50000819 0.50000819 0.50000819 0.50000819 0.50000819 0.50000819 0.50000819 0.50000819 
0.50000819 0.50000819 0.50000819 0.50000819 0.50000819 0.50000819 0.50000819 0.50000819 0.50000819 0.50000819 0.50000819 0.50000819 

0.50000819 0.50000819 0.50000819 0.50000819 0.50000819 0.50000819 0.50000819 0.50000819 0.50000819 0.50000819 0.50000819 0.50000819 
0.50000819 0.50000819 0.50000819 0.50000819 0.50000819 0.50000819 0.50000819 0.50000819 0.50000819 0.50000819 0.50000819 0.50000819 
0.50000819 0.50000819 0.50000819 0.50000819 0.50000819 0.50000819 0.50000819 0.50000819 0.50000819 0.50000819 0.50000819 0.50000819 
0.50000819 0.50000819 0.51987708 0.53768567 0.51688107 0.48242457 0.48427657 0.50000819 0.51636823 0.53361985 0.49516461 0.47954881 
0.50000819 0.50986468 0.52624521 0.54076387 0.57459386 0.57271573 0.47692194 0.50000819 0.49445521 0.52210085 0.59796889 0.52400131 
0.50000819 0.52398305 0.54385045 0.59866499 0.54245766 0.57105361 0.44495019 0.49856254 0.51386486 0.55631919 0.52883673 0.52181969 
0.50731100 0.53192131 0.58938245 0.51891426 0.48383001 0.60551602 0.53950183 0.48457304 0.52001431 0.53492042 0.53614428 0.51449671 
0.50472723 0.53953959 0.57985853 0.47654821 0.52313066 0.50769077 0.52222892 0.57840015 0.53363600 0.56929547 0.57844512 0.48597398 
0.50758195 0.54081499 0.51327492 0.47281917 0.50946087 0.52461352 0.53063808 0.50890097 0.52671942 0.53254958 0.46761629 0.47611128 
0.51147658 0.49665384 0.49808486 0.49526024 0.50000819 0.50384764 0.50852132 0.50667566 0.49755361 0.49324382 0.49432370 0.50000819 
0.50000819 0.50000819 0.50000819 0.50000819 0.50000819 0.50000819 0.50000819 0.50000819 0.50000819 0.50000819 0.50000819 0.50000819 
0.50000819 0.50000819 0.50000819 0.50000819 0.50000819 0.50000819 0.50000819 0.50000819 0.50000819 0.50000819 0.50000819 0.50000819 

0.50000819 0.50000819 0.50000819 0.50000819 0.50000819 0.50000819 0.50000819 0.50000819 0.50000819 0.50000819 0.50000819 0.50000819 
0.50000819 0.50000819 0.50000819 0.50000819 0.50000819 0.50000819 0.50000819 0.50000819 0.50000819 0.50000819 0.50000819 0.50000819 
0.50000819 0.50000819 0.50000819 0.50000819 0.50000819 0.50000819 0.50000819 0.50000819 0.50000819 0.50000819 0.50000819 0.50000819 
0.50000819 0.50000819 0.51987708 0.53768567 0.51688107 0.48242457 0.48427657 0.50000819 0.51636823 0.53361985 0.49516461 0.47954881 
0.50000819 0.50986468 0.52624521 0.54076387 0.57459386 0.57271573 0.47692194 0.50000819 0.49445521 0.52210085 0.59796889 0.52400131 
0.50000819 0.52398305 0.54385045 0.59866499 0.54245766 0.57105361 0.44495019 0.49856254 0.51386486 0.55631919 0.52883673 0.52181969 
0.50731100 0.53192131 0.58938245 0.51891426 0.48383001 0.60551602 0.53950183 0.48457304 0.52001431 0.53492042 0.53614428 0.51449671 
0.50472723 0.53953959 0.57985853 0.47654821 0.52313066 0.50769077 0.52222892 0.57840015 0.53363600 0.56929547 0.57844512 0.48597398 
0.50758195 0.54081499 0.51327492 0.47281917 0.50946087 0.52461352 0.53063808 0.50890097 0.52671942 0.53254958 0.46761629 0.47611128 
0.51147658 0.49665384 0.49808486 0.49526024 0.50000819 0.50384764 0.50852132 0.50667566 0.49755361 0.49324382 0.49432370 0.50000819 
0.50000819 0.50000819 0.50000819 0.50000819 0.50000819 0.50000819 0.50000819 0.50000819 0.50000819 0.50000819 0.50000819 0.50000819 
0.50000819 0.50000819 0.50000819 0.50000819 0.50000819 0.50000819 0.50000819 0.50000819 0.50000819 0.50000819 0.50000819 0.50000819 

0.50000819 0.50000819 0.50000819 0.50000819 0.50000819 0.50000819 0.50000819 0.50000819 0.50000819 0.50000819 0.50000819 0.50000819 
0.50000819 0.50000819 0.50000819 0.50000819 0.50000819 0.50000819 0.50000819 0.50000819 0.50000819 0.50000819 0.50000819 0.50000819 
0.50000819 0.50000819 0.50000819 0.50000819 0.50000819 0.50000819 0.50000819 0.50000819 0.50000819 0.50000819 0.50000819 0.50000819 
0.50000819 0.50000819 0.51987708 0.53768567 0.51688107 0.48242457 0.48427657 0.50000819 0.51636823 0.53361985 0.49516461 0.47954881 
0.50000819 0.50986468 0.52624521 0.54076387 0.57459386 0.57271573 0.47692194 0.50000819 0.49445521 0.52210085 0.59796889 0.52400131 
0.50000819 0.52398305 0.54385045 0.59866499 0.54245766 0.57105361 0.44495019 0.49856254 0.51386486 0.55631919 0.52883673 0.52181969 
0.50731100 0.53192131 0.58938245 0.51891426 0.48383001 0.60551602 0.53950183 0.48457304 0.52001431 0.53492042 0.53614428 0.51449671 
0.50472723 0.53953959 0.57985853 0.47654821 0.52313066 0.50769077 0.52222892 0.57840015 0.53363600 0.56929547 0.57844512 0.48597398 
0.50758195 0.54081499 0.51327492 0.47281917 0.50946087 0.52461352 0.53063808 0.50890097 0.52671942 0.53254958 0.46761629 0.47611128 
0.51147658 0.49665384 0.49808486 0.49526024 0.50000819 0.50384764 0.50852132 0.50667566 0.49755361 0.49324382 0.49432370 0.50000819 
0.50000819 0.50000819 0.50000819 0.50000819 0.50000819 0.50000819 0.50000819 0.50000819 0.50000819 0.50000819 0.50000819 0.50000819 
0.50000819 0.50000819 0.50000819 0.50000819 0.50000819 0.50000819 0.50000819 0.50000819 0.50000819 0.50000819 0.50000819 0.50000819 

0.50000819 0.50000819 0.50000819 0.50000819 0.50000819 0.50000819 0.50000819 0.50000819 0.50000819 0.50000819 0.50000819 0.50000819 
0.50000819 0.50000819 0.50000819 0.50000819 0.50000819 0.50000819 0.50000819 0.50000819 0.50000819 0.50000819 0.50000819 0.50000819 
0.50000819 0.50000819 0.50000819 0.50000819 0.50000819 0.50000819 0.50000819 0.50000819 0.50000819 0.50000819 0.50000819 0.50000819 
0.50000819 0.50000819 0.51987708 0.53768567 0.51688107 0.48242457 0.48427657 0.50000819 0.51636823 0.53361985 0.49516461 0.47954881 
0.50000819 0.50986468 0.52624521 0.54076387 0.57459386 0.57271573 0.47692194 0.50000819 0.49445521 0.52210085 0.59796889 0.52400131 
0.50000819 0.52398305 0.54385045 0.59866499 0.54245766 0.57105361 0.44495019 0.49856254 0.51386486 0.55631919 0.52883673 0.52181969 
0.50731100 0.53192131 0.58938245 0.51891426 0.48383001 0.60551602 0.53950183 0.48457304 0.52001431 0.53492042 0.53614428 0.51449671 
0.50472723 0.53953959 0.57985853 0.47654821 0.52313066 0.50769077 0.52222892 0.57840015 0.53363600 0.56929547 0.57844512 0.48597398 
0.50758195 0.54081499 0.51327492 0.47281917 0.50946087 0.52461352 0.53063808 0.50890097 0.52671942 0.53254958 0.46761629 0.47611128 
0.51147658 0.49665384 0.49808486 0.49526024 0.50000819 0.50384764 0.50852132 0.50667566 0.49755361 0.49324382 0.49432370 0.50000819 
0.50000819 0.50000819 0.50000819 0.50000819 0.50000819 0.50000819 0.50000819 0.50000819 0.50000819 0.50000819 0.50000819 0.50000819 
0.50000819 0.50000819 0.50000819 0.50000819 0.50000819 0.50000819 0.50000819 0.50000819 0.50000819 0.50000819 0.50000819 0.50000819 

0.50000819 0.50000819 0.50000819 0.50000819 0.50000819 0.50000819 0.50000819 0.50000819 0.50000819 0.50000819 0.50000819 0.50000819 
0.50000819 0.50000819 0.50000819 0.50000819 0.50000819 0.50000819 0.50000819 0.50000819 0.50000819 0.50000819 0.50000819 0.50000819 
0.50000819 0.50000819 0.50000819 0.50000819 0.50000819 0.50000819 0.50000819 0.50000819 0.50000819 0.50000819 0.50000819 0.50000819 
0.50000819 0.50000819 0.51987708 0.53768567 0.51688107 0.48242457 0.48427657 0.50000819 0.51636823 0.53361985 0.49516461 0.47954881 
0.50000819 0.50986468 0.52624521 0.54076387 0.57459386 0.57271573 0.47692194 0.50000819 0.49445521 0.52210085 0.59796889 0.52400131 
0.50000819 0.52398305 0.54385045 0.59866499 0.54245766 0.57105361 0.44495019 0.49856254 0.51386486 0.55631919 0.52883673 0.52181969 
0.50731100 0.53192131 0.58938245 0.51891426 0.48383001 0.60551602 0.53950183 0.48457304 0.52001431 0.53492042 0.53614428 0.51449671 
0.50472723 0.53953959 0.57985853 0.47654821 0.52313066 0.50769077 0.52222892 0.57840015 0.53363600 0.56929547 0.57844512 0.48597398 
0.50758195 0.54081499 0.51327492 0.47281917 0.50946087 0.52461352 0.53063808 0.50890097 0.52671942 0.53254958 0.46761629 0.47611128 
0.51147658 0.49665384 0.49808486 0.49526024 0.50000819 0.50384764 0.50852132 0.50667566 0.49755361 0.49324382 0.49432370 0.50000819 
0.50000819 0.50000819 0.50000819 0.50000819 0.50000819 0.50000819 0.50000819 0.50000819 0.50000819 0.50000819 0.50000819 0.50000819 
0.50000819 0.50000819 0.50000819 0.50000819 0.50000819 0.50000819 0.50000819 0.50000819 0.50000819 0.50000819 0.50000819 0.50000819 


